0.000000
0.000000
0.000000
0.000000
0.000000
0.000000
0.000000
0.000000
0.000000
0.000000
0.000000
0.000000
0.000000
0.000000
0.000000
0.000000
0.000000
0.000000
0.000000
0.000000
0.000000
0.000000
0.000000
0.000000
0.000000
0.000000
0.000000
0.000000
0.000000
0.000000
0.000000
0.000000
0.000000
0.000000
0.000000
0.000000
0.000000
0.000000
0.000000
0.000000
0.000000
0.000000
0.000000
0.000000
0.000000
0.000000
0.000000
0.000000
0.000000
0.000000
0.000000
0.000000
0.000000
0.000000
0.000000
0.000000
0.000000
0.000000
0.000000
0.000000
0.000000
0.000000
0.000000
0.000000
0.000000
0.000000
0.000000
0.000000
0.000000
0.000000
0.000000
0.000000
0.000000
0.000000
0.000000
0.000000
0.000000
0.000000
0.000000
0.000000
0.000000
0.000000
0.000000
0.000000
0.000000
0.000000
0.000000
0.000000
0.000000
0.000000
0.000000
0.000000
0.000000
0.000000
0.000000
0.000000
0.000000
0.000000
0.000000
0.000000
0.000000
0.000000
0.000000
0.000000
0.000000
0.000000
0.000000
0.000000
0.000000
0.000000
0.000000
0.000000
0.000000
0.000000
0.000000
0.000000
0.000000
0.000000
0.000000
0.000000
0.000000
0.000000
0.000000
0.000000
0.000000
0.000000
0.000000
0.000000
0.000000
0.000000
0.000000
0.000000
0.000000
0.000000
0.000000
0.000000
0.000000
0.000000
0.000000
0.000000
0.000000
0.000000
0.000000
0.000000
0.000000
0.000000
0.000000
0.000000
0.000000
0.000000
0.000000
0.000000
0.000000
0.000000
0.000000
0.000000
0.000000
0.000000
0.000001
0.000001
0.000001
0.000001
0.000001
0.000001
0.000002
0.000002
0.000003
0.000003
0.000003
0.000004
0.000005
0.000006
0.000007
0.000009
0.000010
0.000012
0.000014
0.000017
0.000020
0.000023
0.000026
0.000031
0.000037
0.000042
0.000048
0.000057
0.000067
0.000076
0.000086
0.000102
0.000119
0.000135
0.000152
0.000179
0.000207
0.000235
0.000262
0.000308
0.000354
0.000400
0.000445
0.000519
0.000594
0.000668
0.000742
0.000861
0.000979
0.001098
0.001216
0.001403
0.001589
0.001776
0.001962
0.002252
0.002542
0.002831
0.003121
0.003564
0.004008
0.004451
0.004895
0.005567
0.006238
0.006910
0.007582
0.008588
0.009594
0.010601
0.011607
0.013101
0.014595
0.016089
0.017583
0.019785
0.021986
0.024188
0.026389
0.029616
0.032842
0.036068
0.039295
0.043597
0.047900
0.052203
0.056506
0.061903
0.067300
0.072697
0.078094
0.084491
0.090888
0.097285
0.103683
0.110768
0.117853
0.124939
0.132024
0.139287
0.146550
0.153813
0.161077
0.168066
0.175056
0.182046
0.189036
0.195752
0.202467
0.209182
0.215898
0.223241
0.230584
0.237927
0.245271
0.256504
0.267737
0.278971
0.290204
0.300195
0.310185
0.320176
0.330166
0.342995
0.355824
0.368653
0.381481
0.396810
0.412138
0.427467
0.442795
0.461197
0.479600
0.498002
0.516405
0.535721
0.555038
0.574355
0.593672
0.611108
0.628545
0.645982
0.663418
0.678988
0.694558
0.710128
0.725698
0.739926
0.754155
0.768383
0.782611
0.797058
0.811505
0.825952
0.840399
0.850085
0.859770
0.869455
0.879140
0.888825
0.898510
0.908196
0.917881
0.925654
0.933427
0.941200
0.948973
0.956300
0.963627
0.970955
0.978282
0.985890
0.993497
1.001105
1.008712
1.015678
1.022644
1.029610
1.036576
1.044160
1.051743
1.059327
1.066911
1.075523
1.084135
1.092748
1.101360
1.111342
1.121325
1.131308
1.141291
1.153049
1.164808
1.176566
1.188325
1.202448
1.216572
1.230696
1.244819
1.261866
1.278912
1.295959
1.313006
1.335011
1.357017
1.379022
1.401027
1.421782
1.442536
1.463291
1.484045
1.500858
1.517671
1.534484
1.551297
1.567222
1.583147
1.599073
1.614998
1.630819
1.646640
1.662461
1.678281
1.694382
1.710483
1.726584
1.742685
1.759390
1.776094
1.792799
1.809504
1.827144
1.844785
1.862425
1.880066
1.899018
1.917971
1.936924
1.955877
1.976577
1.997278
2.017979
2.038680
2.061612
2.084545
2.107477
2.130410
2.156069
2.181728
2.207387
2.233047
2.261958
2.290869
2.319780
2.348691
2.381777
2.414863
2.447949
2.481036
2.521132
2.561228
2.601324
2.641421
2.677149
2.712878
2.748606
2.784335
2.820064
2.855792
2.891521
2.927250
2.961912
2.996575
3.031238
3.065901
3.100488
3.135074
3.169661
3.204248
3.239580
3.274912
3.310244
3.345576
3.382120
3.418664
3.455208
3.491752
3.529833
3.567915
3.605996
3.644077
3.683924
3.723772
3.763619
3.803466
3.845227
3.886987
3.928747
3.970508
4.014262
4.058015
4.101769
4.145523
4.191328
4.237133
4.282939
4.328744
4.376729
4.424714
4.472699
4.520683
4.571181
4.621679
4.672177
4.722675
4.776418
4.830162
4.883905
4.937648
4.953236
4.968824
4.984412
5.000000
_
0.500000
0.500000
0.500000
0.500000
0.500000
0.500000
0.500000
0.500000
0.500000
0.500000
0.500000
0.500000
0.500000
0.500000
0.500000
0.500000
0.500000
0.500000
0.500000
0.500000
0.500000
0.500000
0.500000
0.500000
0.500000
0.500000
0.500000
0.500000
0.500000
0.500000
0.500000
0.500000
0.500000
0.500000
0.500000
0.500000
0.500000
0.500000
0.500000
0.500000
0.500000
0.500000
0.500000
0.500000
0.500000
0.500000
0.500000
0.500000
0.500000
0.500000
0.500000
0.500000
0.500000
0.500000
0.500000
0.500000
0.500000
0.500000
0.500000
0.500000
0.500000
0.500000
0.500000
0.500000
0.500000
0.500000
0.500000
0.500000
0.500000
0.500000
0.500000
0.500000
0.500000
0.500000
0.500000
0.500000
0.500000
0.500000
0.500000
0.500000
0.500000
0.500000
0.500000
0.500000
0.500000
0.500000
0.500000
0.500000
0.500000
0.500000
0.500000
0.500000
0.500000
0.500000
0.500000
0.500000
0.500000
0.500000
0.500000
0.500000
0.500000
0.500000
0.500000
0.500000
0.500000
0.500000
0.500000
0.500000
0.500000
0.500000
0.500000
0.500000
0.500000
0.500000
0.500000
0.500000
0.500000
0.500000
0.500000
0.500000
0.500000
0.500000
0.500000
0.500000
0.500000
0.500000
0.500000
0.500000
0.500000
0.500000
0.500000
0.500000
0.500000
0.500000
0.500000
0.500000
0.500000
0.500000
0.500000
0.500000
0.500000
0.500000
0.500000
0.500000
0.500000
0.500000
0.500000
0.500000
0.500000
0.500000
0.500000
0.500000
0.500000
0.500000
0.500000
0.500000
0.500000
0.500000
0.500000
0.500000
0.500000
0.500000
0.499999
0.499999
0.499999
0.499999
0.499999
0.499998
0.499998
0.499998
0.499997
0.499997
0.499997
0.499996
0.499995
0.499994
0.499993
0.499992
0.499990
0.499989
0.499987
0.499984
0.499982
0.499979
0.499976
0.499971
0.499967
0.499962
0.499957
0.499949
0.499941
0.499932
0.499924
0.499910
0.499896
0.499883
0.499869
0.499846
0.499823
0.499800
0.499777
0.499740
0.499703
0.499666
0.499629
0.499570
0.499511
0.499451
0.499392
0.499299
0.499206
0.499113
0.499020
0.498875
0.498731
0.498586
0.498442
0.498221
0.498000
0.497779
0.497559
0.497224
0.496891
0.496557
0.496224
0.495724
0.495226
0.494728
0.494230
0.493492
0.492756
0.492020
0.491285
0.490205
0.489127
0.488051
0.486978
0.485409
0.483846
0.482287
0.480734
0.478670
0.476614
0.474568
0.472531
0.469987
0.467458
0.464941
0.462439
0.459490
0.456560
0.453649
0.450756
0.447573
0.444413
0.441276
0.438160
0.434989
0.431841
0.428716
0.425613
0.422649
0.419705
0.416781
0.413878
0.411108
0.408357
0.405624
0.402909
0.399961
0.397035
0.394130
0.391246
0.386876
0.382554
0.378281
0.374055
0.370337
0.366655
0.363011
0.359402
0.354821
0.350298
0.345833
0.341424
0.336231
0.331116
0.326080
0.321119
0.315264
0.309516
0.303872
0.298331
0.292623
0.287025
0.281534
0.276148
0.271374
0.266684
0.262074
0.257544
0.253565
0.249647
0.245791
0.241993
0.238575
0.235204
0.231881
0.228605
0.225326
0.222094
0.218909
0.215769
0.213689
0.211630
0.209590
0.207570
0.205569
0.203588
0.201625
0.199682
0.198136
0.196602
0.195080
0.193569
0.192156
0.190753
0.189361
0.187978
0.186554
0.185140
0.183737
0.182344
0.181078
0.179821
0.178573
0.177333
0.175994
0.174664
0.173344
0.172035
0.170560
0.169097
0.167647
0.166209
0.164558
0.162924
0.161306
0.159703
0.157836
0.155991
0.154168
0.152366
0.150229
0.148122
0.146045
0.143996
0.141563
0.139170
0.136818
0.134505
0.131578
0.128714
0.125912
0.123172
0.120642
0.118164
0.115737
0.113359
0.111469
0.109611
0.107783
0.105986
0.104312
0.102664
0.101042
0.099446
0.097885
0.096348
0.094836
0.093347
0.091856
0.090389
0.088946
0.087525
0.086075
0.084649
0.083247
0.081868
0.080436
0.079030
0.077648
0.076290
0.074858
0.073452
0.072073
0.070720
0.069271
0.067852
0.066462
0.065100
0.063624
0.062182
0.060772
0.059394
0.057890
0.056423
0.054994
0.053601
0.052073
0.050589
0.049148
0.047747
0.046193
0.044690
0.043235
0.041828
0.040184
0.038605
0.037088
0.035630
0.034379
0.033173
0.032009
0.030885
0.029801
0.028755
0.027746
0.026772
0.025860
0.024979
0.024128
0.023306
0.022514
0.021748
0.021009
0.020295
0.019590
0.018910
0.018254
0.017620
0.016988
0.016378
0.015790
0.015224
0.014655
0.014107
0.013580
0.013073
0.012562
0.012071
0.011600
0.011147
0.010691
0.010254
0.009834
0.009432
0.009028
0.008642
0.008272
0.007918
0.007563
0.007224
0.006901
0.006592
0.006283
0.005989
0.005708
0.005441
0.005173
0.004918
0.004676
0.004446
0.004213
0.003993
0.003784
0.003586
0.003530
0.003476
0.003422
0.003369
_
0.500000
0.500000
0.500000
0.500000
0.500000
0.500000
0.500000
0.500000
0.500000
0.500000
0.500000
0.500000
0.500000
0.500000
0.500000
0.500000
0.500000
0.500000
0.500000
0.500000
0.500000
0.500000
0.500000
0.500000
0.500000
0.500000
0.500000
0.500000
0.500000
0.500000
0.500000
0.500000
0.500000
0.500000
0.500000
0.500000
0.500000
0.500000
0.500000
0.500000
0.500000
0.500000
0.500000
0.500000
0.500000
0.500000
0.500000
0.500000
0.500000
0.500000
0.500000
0.500000
0.500000
0.500000
0.500000
0.500000
0.500000
0.500000
0.500000
0.500000
0.500000
0.500000
0.500000
0.500000
0.500000
0.500000
0.500000
0.500000
0.500000
0.500000
0.500000
0.500000
0.500000
0.500000
0.500000
0.500000
0.500000
0.500000
0.500000
0.500000
0.500000
0.500000
0.500000
0.500000
0.500000
0.500000
0.500000
0.500000
0.500000
0.500000
0.500000
0.500000
0.500000
0.500000
0.500000
0.500000
0.500000
0.500000
0.500000
0.500000
0.500000
0.500000
0.500000
0.500000
0.500000
0.500000
0.500000
0.500000
0.500000
0.500000
0.500000
0.500000
0.500000
0.500000
0.500000
0.500000
0.500000
0.500000
0.500000
0.500000
0.500000
0.500000
0.500000
0.500000
0.500000
0.500000
0.500000
0.500000
0.500000
0.500000
0.500000
0.500000
0.500000
0.500000
0.500000
0.500000
0.500000
0.500000
0.500000
0.500000
0.500000
0.500000
0.500000
0.500000
0.500000
0.500000
0.500000
0.500000
0.500000
0.500000
0.500000
0.500000
0.500000
0.500000
0.500000
0.500000
0.500000
0.500000
0.500000
0.500000
0.500000
0.500000
0.499999
0.499999
0.499999
0.499999
0.499999
0.499998
0.499998
0.499998
0.499997
0.499997
0.499997
0.499996
0.499995
0.499994
0.499993
0.499992
0.499990
0.499989
0.499987
0.499984
0.499982
0.499979
0.499976
0.499971
0.499967
0.499962
0.499957
0.499949
0.499941
0.499932
0.499924
0.499910
0.499896
0.499883
0.499869
0.499846
0.499823
0.499800
0.499777
0.499740
0.499703
0.499666
0.499629
0.499570
0.499511
0.499451
0.499392
0.499299
0.499206
0.499113
0.499020
0.498875
0.498731
0.498587
0.498442
0.498221
0.498000
0.497779
0.497559
0.497224
0.496891
0.496557
0.496224
0.495724
0.495226
0.494728
0.494230
0.493492
0.492756
0.492020
0.491285
0.490205
0.489127
0.488051
0.486978
0.485409
0.483846
0.482287
0.480734
0.478670
0.476614
0.474568
0.472531
0.469987
0.467458
0.464942
0.462439
0.459490
0.456560
0.453649
0.450756
0.447573
0.444413
0.441276
0.438160
0.434989
0.431841
0.428716
0.425613
0.422649
0.419705
0.416781
0.413878
0.411108
0.408357
0.405624
0.402909
0.399961
0.397035
0.394130
0.391246
0.386876
0.382554
0.378281
0.374055
0.370337
0.366656
0.363011
0.359402
0.354821
0.350298
0.345833
0.341425
0.336231
0.331116
0.326080
0.321119
0.315264
0.309516
0.303872
0.298331
0.292623
0.287025
0.281534
0.276148
0.271374
0.266684
0.262074
0.257544
0.253565
0.249647
0.245791
0.241993
0.238575
0.235204
0.231881
0.228605
0.225326
0.222094
0.218909
0.215769
0.213689
0.211630
0.209590
0.207570
0.205569
0.203588
0.201626
0.199682
0.198136
0.196602
0.195080
0.193569
0.192156
0.190753
0.189361
0.187978
0.186554
0.185140
0.183737
0.182344
0.181078
0.179821
0.178573
0.177333
0.175994
0.174664
0.173345
0.172035
0.170560
0.169097
0.167647
0.166209
0.164558
0.162924
0.161306
0.159703
0.157836
0.155991
0.154168
0.152366
0.150229
0.148122
0.146045
0.143996
0.141563
0.139170
0.136818
0.134505
0.131578
0.128714
0.125912
0.123172
0.120642
0.118164
0.115737
0.113359
0.111469
0.109611
0.107783
0.105986
0.104312
0.102664
0.101042
0.099446
0.097885
0.096348
0.094836
0.093347
0.091856
0.090389
0.088946
0.087525
0.086075
0.084649
0.083247
0.081868
0.080436
0.079030
0.077648
0.076290
0.074858
0.073452
0.072073
0.070720
0.069271
0.067852
0.066462
0.065100
0.063624
0.062182
0.060772
0.059394
0.057890
0.056423
0.054994
0.053601
0.052073
0.050589
0.049148
0.047747
0.046193
0.044690
0.043235
0.041828
0.040184
0.038605
0.037088
0.035630
0.034379
0.033173
0.032009
0.030885
0.029801
0.028755
0.027746
0.026772
0.025860
0.024979
0.024128
0.023306
0.022514
0.021748
0.021009
0.020295
0.019590
0.018910
0.018254
0.017620
0.016988
0.016378
0.015790
0.015224
0.014655
0.014107
0.013580
0.013073
0.012562
0.012071
0.011600
0.011147
0.010691
0.010254
0.009834
0.009432
0.009028
0.008642
0.008272
0.007918
0.007563
0.007224
0.006901
0.006592
0.006283
0.005989
0.005708
0.005441
0.005173
0.004918
0.004676
0.004446
0.004213
0.003993
0.003784
0.003586
0.003530
0.003476
0.003422
0.003369
_
-0.338400
-0.338400
-0.338400
-0.338400
-0.338400
-0.338400
-0.338400
-0.338400
-0.338400
-0.338400
-0.338400
-0.338400
-0.338400
-0.338400
-0.338400
-0.338400
-0.338400
-0.338400
-0.338400
-0.338400
-0.338400
-0.338400
-0.338400
-0.338400
-0.338400
-0.338400
-0.338400
-0.338400
-0.338400
-0.338400
-0.338400
-0.338400
-0.338400
-0.338400
-0.338400
-0.338400
-0.338400
-0.338400
-0.338400
-0.338400
-0.338400
-0.338400
-0.338400
-0.338400
-0.338400
-0.338400
-0.338400
-0.338400
-0.338400
-0.338400
-0.338400
-0.338400
-0.338400
-0.338400
-0.338400
-0.338400
-0.338400
-0.338400
-0.338400
-0.338400
-0.338400
-0.338400
-0.338400
-0.338400
-0.338400
-0.338400
-0.338400
-0.338400
-0.338400
-0.338400
-0.338400
-0.338400
-0.338400
-0.338400
-0.338400
-0.338400
-0.338400
-0.338400
-0.338400
-0.338400
-0.338400
-0.338400
-0.338400
-0.338400
-0.338400
-0.338400
-0.338400
-0.338400
-0.338400
-0.338400
-0.338400
-0.338400
-0.338400
-0.338400
-0.338400
-0.338400
-0.338400
-0.338400
-0.338400
-0.338400
-0.338400
-0.338400
-0.338400
-0.338400
-0.338400
-0.338400
-0.338400
-0.338400
-0.338400
-0.338400
-0.338400
-0.338400
-0.338400
-0.338400
-0.338400
-0.338400
-0.338400
-0.338400
-0.338400
-0.338400
-0.338400
-0.338400
-0.338400
-0.338400
-0.338400
-0.338400
-0.338400
-0.338400
-0.338400
-0.338400
-0.338400
-0.338400
-0.338400
-0.338400
-0.338400
-0.338400
-0.338400
-0.338400
-0.338400
-0.338400
-0.338400
-0.338400
-0.338400
-0.338400
-0.338400
-0.338400
-0.338400
-0.338400
-0.338400
-0.338400
-0.338400
-0.338400
-0.338400
-0.338400
-0.338400
-0.338400
-0.338400
-0.338400
-0.338400
-0.338400
-0.338400
-0.338400
-0.338400
-0.338400
-0.338400
-0.338400
-0.338400
-0.338399
-0.338399
-0.338399
-0.338399
-0.338399
-0.338399
-0.338398
-0.338398
-0.338398
-0.338397
-0.338397
-0.338396
-0.338396
-0.338395
-0.338394
-0.338393
-0.338392
-0.338391
-0.338389
-0.338388
-0.338386
-0.338384
-0.338381
-0.338378
-0.338375
-0.338372
-0.338367
-0.338361
-0.338356
-0.338351
-0.338342
-0.338334
-0.338325
-0.338316
-0.338302
-0.338288
-0.338274
-0.338260
-0.338237
-0.338214
-0.338191
-0.338168
-0.338132
-0.338095
-0.338059
-0.338022
-0.337965
-0.337908
-0.337850
-0.337792
-0.337703
-0.337614
-0.337524
-0.337434
-0.337297
-0.337159
-0.337020
-0.336881
-0.336671
-0.336460
-0.336247
-0.336034
-0.335715
-0.335394
-0.335071
-0.334746
-0.334264
-0.333779
-0.333291
-0.332800
-0.332075
-0.331346
-0.330611
-0.329872
-0.328880
-0.327882
-0.326876
-0.325865
-0.324589
-0.323303
-0.322009
-0.320707
-0.319152
-0.317585
-0.316005
-0.314412
-0.312630
-0.310830
-0.309009
-0.307166
-0.305251
-0.303308
-0.301334
-0.299327
-0.297363
-0.295364
-0.293330
-0.291260
-0.289238
-0.287186
-0.285104
-0.282997
-0.280668
-0.278319
-0.275956
-0.273585
-0.269953
-0.266334
-0.262740
-0.259183
-0.256058
-0.252973
-0.249931
-0.246936
-0.243159
-0.239462
-0.235848
-0.232315
-0.228200
-0.224200
-0.220312
-0.216534
-0.212137
-0.207887
-0.203778
-0.199806
-0.195778
-0.191889
-0.188135
-0.184512
-0.181350
-0.178289
-0.175326
-0.172460
-0.169982
-0.167579
-0.165254
-0.163006
-0.161021
-0.159106
-0.157264
-0.155499
-0.153790
-0.152172
-0.150651
-0.149229
-0.148334
-0.147483
-0.146675
-0.145904
-0.145164
-0.144443
-0.143731
-0.143013
-0.142424
-0.141819
-0.141193
-0.140546
-0.139915
-0.139267
-0.138603
-0.137925
-0.137211
-0.136488
-0.135760
-0.135029
-0.134358
-0.133688
-0.133019
-0.132353
-0.131633
-0.130918
-0.130209
-0.129507
-0.128720
-0.127944
-0.127179
-0.126428
-0.125573
-0.124738
-0.123922
-0.123128
-0.122219
-0.121342
-0.120496
-0.119682
-0.118748
-0.117862
-0.117022
-0.116228
-0.115330
-0.114494
-0.113715
-0.112990
-0.112125
-0.111328
-0.110588
-0.109895
-0.109273
-0.108674
-0.108093
-0.107522
-0.107064
-0.106609
-0.106153
-0.105696
-0.105261
-0.104823
-0.104382
-0.103937
-0.103491
-0.103041
-0.102587
-0.102128
-0.101657
-0.101183
-0.100704
-0.100221
-0.099716
-0.099207
-0.098695
-0.098179
-0.097630
-0.097078
-0.096523
-0.095965
-0.095361
-0.094755
-0.094145
-0.093532
-0.092859
-0.092183
-0.091504
-0.090822
-0.090062
-0.089299
-0.088533
-0.087763
-0.086899
-0.086031
-0.085159
-0.084285
-0.083297
-0.082306
-0.081313
-0.080317
-0.079176
-0.078035
-0.076893
-0.075751
-0.074369
-0.072991
-0.071617
-0.070249
-0.069036
-0.067830
-0.066631
-0.065439
-0.064257
-0.063084
-0.061922
-0.060770
-0.059664
-0.058570
-0.057489
-0.056420
-0.055368
-0.054329
-0.053306
-0.052298
-0.051284
-0.050288
-0.049309
-0.048348
-0.047374
-0.046420
-0.045486
-0.044574
-0.043645
-0.042741
-0.041859
-0.041002
-0.040131
-0.039287
-0.038469
-0.037678
-0.036877
-0.036106
-0.035364
-0.034651
-0.033935
-0.033250
-0.032596
-0.031973
-0.031354
-0.030766
-0.030211
-0.029687
-0.029172
-0.028689
-0.028239
-0.027820
-0.027412
-0.027037
-0.026693
-0.026379
-0.026078
-0.025808
-0.025568
-0.025357
-0.025301
-0.025248
-0.025196
-0.025147
