0.000000
0.000000
0.000000
0.000000
0.000000
0.000000
0.000000
0.000000
0.000000
0.000000
0.000000
0.000000
0.000000
0.000000
0.000000
0.000000
0.000000
0.000000
0.000000
0.000000
0.000000
0.000000
0.000000
0.000000
0.000000
0.000000
0.000000
0.000000
0.000000
0.000000
0.000000
0.000000
0.000000
0.000000
0.000000
0.000000
0.000000
0.000000
0.000000
0.000000
0.000000
0.000000
0.000000
0.000000
0.000000
0.000000
0.000000
0.000000
0.000000
0.000000
0.000000
0.000000
0.000000
0.000000
0.000000
0.000000
0.000000
0.000000
0.000000
0.000000
0.000000
0.000000
0.000000
0.000000
0.000000
0.000000
0.000000
0.000000
0.000000
0.000000
0.000000
0.000000
0.000000
0.000000
0.000000
0.000000
0.000000
0.000000
0.000000
0.000000
0.000000
0.000000
0.000000
0.000000
0.000000
0.000000
0.000000
0.000000
0.000000
0.000000
0.000000
0.000000
0.000000
0.000000
0.000000
0.000000
0.000000
0.000000
0.000000
0.000000
0.000000
0.000000
0.000000
0.000000
0.000000
0.000000
0.000000
0.000000
0.000000
0.000000
0.000000
0.000000
0.000000
0.000000
0.000000
0.000000
0.000000
0.000000
0.000000
0.000000
0.000000
0.000000
0.000000
0.000000
0.000000
0.000000
0.000000
0.000000
0.000000
0.000000
0.000000
0.000000
0.000000
0.000000
0.000000
0.000000
0.000000
0.000000
0.000000
0.000000
0.000000
0.000000
0.000000
0.000000
0.000000
0.000000
0.000000
0.000000
0.000000
0.000000
0.000000
0.000000
0.000000
0.000000
0.000000
0.000000
0.000000
0.000000
0.000001
0.000001
0.000001
0.000001
0.000001
0.000001
0.000002
0.000002
0.000003
0.000003
0.000003
0.000004
0.000005
0.000006
0.000007
0.000009
0.000010
0.000012
0.000014
0.000017
0.000020
0.000023
0.000026
0.000031
0.000037
0.000042
0.000048
0.000057
0.000067
0.000076
0.000086
0.000102
0.000119
0.000135
0.000152
0.000179
0.000207
0.000235
0.000262
0.000308
0.000354
0.000400
0.000445
0.000519
0.000594
0.000668
0.000742
0.000861
0.000979
0.001098
0.001216
0.001403
0.001589
0.001776
0.001962
0.002252
0.002542
0.002831
0.003121
0.003564
0.004008
0.004451
0.004895
0.005567
0.006238
0.006910
0.007582
0.008588
0.009594
0.010601
0.011607
0.013101
0.014595
0.016089
0.017583
0.019785
0.021986
0.024188
0.026389
0.029616
0.032842
0.036068
0.039295
0.043597
0.047900
0.052203
0.056506
0.061903
0.067300
0.072697
0.078094
0.084491
0.090888
0.097285
0.103683
0.110768
0.117853
0.124939
0.132024
0.139287
0.146550
0.153813
0.161077
0.168066
0.175056
0.182046
0.189036
0.195752
0.202467
0.209182
0.215898
0.223241
0.230584
0.237927
0.245271
0.256504
0.267737
0.278971
0.290204
0.300195
0.310185
0.320176
0.330166
0.342995
0.355824
0.368653
0.381481
0.396810
0.412138
0.427467
0.442795
0.461197
0.479600
0.498002
0.516405
0.535721
0.555038
0.574355
0.593672
0.611108
0.628545
0.645982
0.663418
0.678988
0.694558
0.710128
0.725698
0.739926
0.754155
0.768383
0.782611
0.797058
0.811505
0.825952
0.840399
0.850085
0.859770
0.869455
0.879140
0.888825
0.898510
0.908196
0.917881
0.925654
0.933427
0.941200
0.948973
0.956300
0.963627
0.970955
0.978282
0.985890
0.993497
1.001105
1.008712
1.015678
1.022644
1.029610
1.036576
1.044160
1.051743
1.059327
1.066911
1.075523
1.084135
1.092748
1.101360
1.111342
1.121325
1.131308
1.141291
1.153049
1.164808
1.176566
1.188325
1.202448
1.216572
1.230696
1.244819
1.261866
1.278912
1.295959
1.313006
1.335011
1.357017
1.379022
1.401027
1.421782
1.442536
1.463291
1.484045
1.500858
1.517671
1.534484
1.551297
1.567222
1.583147
1.599073
1.614998
1.630819
1.646640
1.662461
1.678281
1.694382
1.710483
1.726584
1.742685
1.759390
1.776094
1.792799
1.809504
1.827144
1.844785
1.862425
1.880066
1.899018
1.917971
1.936924
1.955877
1.976577
1.997278
2.017979
2.038680
2.061612
2.084545
2.107477
2.130410
2.156069
2.181728
2.207387
2.233047
2.261958
2.290869
2.319780
2.348691
2.381777
2.414863
2.447949
2.481036
2.521132
2.561228
2.601324
2.641421
2.677149
2.712878
2.748606
2.784335
2.820064
2.855792
2.891521
2.927250
2.961912
2.996575
3.031238
3.065901
3.100488
3.135074
3.169661
3.204248
3.239580
3.274912
3.310244
3.345576
3.382120
3.418664
3.455208
3.491752
3.529833
3.567915
3.605996
3.644077
3.683924
3.723772
3.763619
3.803466
3.845227
3.886987
3.928747
3.970508
4.014262
4.058015
4.101769
4.145523
4.191328
4.237133
4.282939
4.328744
4.376729
4.424714
4.472699
4.520683
4.571181
4.621679
4.672177
4.722675
4.776418
4.830162
4.883905
4.937648
4.953236
4.968824
4.984412
5.000000
_
0.000000
0.000000
0.000000
0.000000
0.000000
0.000000
0.000000
0.000000
0.000000
0.000000
0.000000
0.000000
0.000000
0.000000
0.000000
0.000000
0.000000
0.000000
0.000000
0.000000
0.000000
0.000000
0.000000
0.000000
0.000000
0.000000
0.000000
0.000000
0.000000
0.000000
0.000000
0.000000
0.000000
0.000000
0.000000
0.000000
0.000000
0.000000
0.000000
0.000000
0.000000
0.000000
0.000000
0.000000
0.000000
0.000000
0.000000
0.000000
0.000000
0.000000
0.000000
0.000000
0.000000
0.000000
0.000000
0.000000
0.000000
0.000000
0.000000
0.000000
0.000000
-0.000000
-0.000000
-0.000000
-0.000000
-0.000000
-0.000000
-0.000000
-0.000000
-0.000000
-0.000000
-0.000000
-0.000000
-0.000000
-0.000000
-0.000000
-0.000000
-0.000000
-0.000000
-0.000000
-0.000000
-0.000000
-0.000000
-0.000000
-0.000000
-0.000000
-0.000000
-0.000000
-0.000000
-0.000000
-0.000000
-0.000000
-0.000000
-0.000000
-0.000000
-0.000000
-0.000000
-0.000000
-0.000000
-0.000000
-0.000000
-0.000000
-0.000000
-0.000000
-0.000000
-0.000000
-0.000000
-0.000000
-0.000000
-0.000000
-0.000000
-0.000000
-0.000000
-0.000000
-0.000000
-0.000000
-0.000001
-0.000001
-0.000001
-0.000001
-0.000001
-0.000001
-0.000002
-0.000002
-0.000002
-0.000003
-0.000003
-0.000003
-0.000004
-0.000005
-0.000005
-0.000006
-0.000007
-0.000008
-0.000009
-0.000011
-0.000012
-0.000014
-0.000017
-0.000019
-0.000020
-0.000025
-0.000029
-0.000033
-0.000036
-0.000043
-0.000049
-0.000054
-0.000058
-0.000070
-0.000079
-0.000088
-0.000096
-0.000114
-0.000129
-0.000143
-0.000156
-0.000182
-0.000204
-0.000225
-0.000243
-0.000278
-0.000309
-0.000337
-0.000362
-0.000409
-0.000450
-0.000489
-0.000524
-0.000587
-0.000644
-0.000696
-0.000744
-0.000828
-0.000905
-0.000975
-0.001041
-0.001152
-0.001253
-0.001347
-0.001435
-0.001580
-0.001713
-0.001837
-0.001953
-0.002142
-0.002315
-0.002476
-0.002628
-0.002870
-0.003094
-0.003302
-0.003499
-0.003807
-0.004093
-0.004361
-0.004613
-0.005003
-0.005366
-0.005706
-0.006027
-0.006517
-0.006974
-0.007403
-0.007810
-0.008420
-0.008991
-0.009529
-0.010040
-0.010796
-0.011505
-0.012175
-0.012811
-0.013742
-0.014616
-0.015442
-0.016228
-0.017365
-0.018434
-0.019445
-0.020407
-0.021783
-0.023077
-0.024300
-0.025463
-0.027108
-0.028653
-0.030111
-0.031495
-0.033428
-0.035237
-0.036937
-0.038543
-0.040757
-0.042813
-0.044730
-0.046524
-0.048958
-0.051185
-0.053230
-0.055114
-0.057399
-0.059455
-0.061304
-0.062968
-0.064818
-0.066431
-0.067828
-0.069032
-0.070228
-0.071199
-0.071963
-0.072540
-0.072977
-0.073218
-0.073277
-0.073165
-0.072883
-0.072437
-0.071830
-0.071063
-0.070171
-0.069123
-0.067914
-0.066535
-0.065042
-0.063377
-0.061534
-0.059510
-0.057088
-0.054451
-0.051607
-0.048565
-0.043565
-0.038198
-0.032527
-0.026612
-0.021194
-0.015665
-0.010055
-0.004393
0.002916
0.010230
0.017514
0.024740
0.033272
0.041670
0.049918
0.058012
0.067525
0.076828
0.085937
0.094874
0.104097
0.113184
0.122159
0.131044
0.139004
0.146921
0.154806
0.162669
0.169680
0.176690
0.183705
0.190731
0.197168
0.203625
0.210108
0.216619
0.223263
0.229940
0.236647
0.243376
0.247891
0.252400
0.256892
0.261353
0.265763
0.270099
0.274333
0.278438
0.281619
0.284687
0.287632
0.290450
0.292986
0.295409
0.297723
0.299931
0.302120
0.304210
0.306207
0.308119
0.309801
0.311420
0.312980
0.314486
0.316065
0.317585
0.319049
0.320460
0.321998
0.323473
0.324885
0.326237
0.327731
0.329149
0.330492
0.331764
0.333172
0.334488
0.335714
0.336855
0.338119
0.339277
0.340336
0.341309
0.342382
0.343365
0.344278
0.345143
0.346223
0.347298
0.348408
0.349584
0.350777
0.352069
0.353472
0.354993
0.356313
0.357714
0.359192
0.360746
0.362284
0.363884
0.365541
0.367251
0.368997
0.370786
0.372615
0.374477
0.376402
0.378352
0.380325
0.382314
0.384392
0.386481
0.388575
0.390673
0.392888
0.395099
0.397303
0.399498
0.401843
0.404173
0.406484
0.408776
0.411255
0.413708
0.416132
0.418528
0.421147
0.423729
0.426273
0.428780
0.431539
0.434250
0.436913
0.439527
0.442415
0.445240
0.448005
0.450707
0.453724
0.456660
0.459514
0.462287
0.465539
0.468672
0.471689
0.474589
0.477079
0.479479
0.481794
0.484024
0.486173
0.488242
0.490235
0.492154
0.493948
0.495677
0.497343
0.498950
0.500496
0.501985
0.503422
0.504807
0.506170
0.507482
0.508746
0.509963
0.511173
0.512336
0.513452
0.514524
0.515594
0.516617
0.517595
0.518528
0.519458
0.520341
0.521179
0.521971
0.522754
0.523490
0.524178
0.524820
0.525444
0.526019
0.526545
0.527023
0.527474
0.527874
0.528224
0.528525
0.528788
0.528999
0.529160
0.529270
0.529334
0.529344
0.529303
0.529211
0.529059
0.528854
0.528597
0.528290
0.528191
0.528089
0.527983
0.527873
_
0.000000
0.000000
0.000000
0.000000
0.000000
0.000000
0.000000
0.000000
0.000000
0.000000
0.000000
0.000000
0.000000
0.000000
0.000000
0.000000
0.000000
0.000000
0.000000
0.000000
0.000000
0.000000
0.000000
0.000000
0.000000
0.000000
0.000000
0.000000
0.000000
0.000000
0.000000
0.000000
0.000000
0.000000
0.000000
0.000000
0.000000
0.000000
0.000000
0.000000
0.000000
0.000000
0.000000
0.000000
0.000000
0.000000
0.000000
0.000000
0.000000
0.000000
0.000000
0.000000
0.000000
0.000000
0.000000
0.000000
0.000000
0.000000
0.000000
0.000000
0.000000
0.000000
0.000000
0.000000
0.000000
0.000000
0.000000
0.000000
0.000000
0.000000
0.000000
0.000000
0.000000
0.000000
0.000000
0.000000
0.000000
0.000000
0.000000
0.000000
0.000000
0.000000
0.000000
0.000000
0.000000
0.000000
0.000000
0.000000
0.000000
0.000000
0.000000
0.000000
0.000000
0.000000
0.000000
0.000000
0.000000
0.000000
0.000000
0.000000
0.000000
0.000000
0.000000
0.000000
0.000000
0.000000
0.000000
0.000000
0.000000
0.000000
0.000000
0.000000
0.000000
0.000000
0.000000
0.000000
0.000000
0.000000
0.000000
0.000000
0.000000
0.000000
0.000000
0.000000
0.000000
0.000000
0.000000
0.000000
0.000000
0.000000
0.000000
0.000000
0.000000
0.000000
0.000000
0.000000
0.000000
0.000000
0.000000
0.000000
0.000000
0.000000
0.000000
0.000000
0.000000
0.000000
0.000000
0.000000
0.000000
0.000000
0.000000
0.000000
0.000000
0.000000
0.000000
0.000000
0.000000
0.000000
0.000000
0.000000
0.000000
0.000000
0.000001
0.000001
0.000001
0.000001
0.000001
0.000002
0.000002
0.000002
0.000003
0.000003
0.000003
0.000004
0.000005
0.000006
0.000007
0.000008
0.000010
0.000011
0.000013
0.000016
0.000018
0.000021
0.000024
0.000029
0.000033
0.000038
0.000043
0.000051
0.000059
0.000068
0.000076
0.000090
0.000104
0.000117
0.000131
0.000154
0.000177
0.000200
0.000223
0.000260
0.000297
0.000334
0.000371
0.000430
0.000489
0.000549
0.000608
0.000701
0.000794
0.000887
0.000980
0.001125
0.001269
0.001413
0.001558
0.001779
0.002000
0.002221
0.002441
0.002776
0.003109
0.003443
0.003776
0.004276
0.004774
0.005272
0.005770
0.006508
0.007244
0.007980
0.008715
0.009795
0.010873
0.011949
0.013022
0.014591
0.016154
0.017713
0.019266
0.021330
0.023386
0.025432
0.027469
0.030013
0.032542
0.035058
0.037561
0.040510
0.043440
0.046351
0.049244
0.052427
0.055587
0.058724
0.061840
0.065011
0.068159
0.071284
0.074386
0.077351
0.080295
0.083219
0.086122
0.088892
0.091643
0.094376
0.097091
0.100039
0.102965
0.105870
0.108754
0.113124
0.117446
0.121719
0.125945
0.129663
0.133344
0.136989
0.140598
0.145179
0.149702
0.154167
0.158575
0.163769
0.168884
0.173920
0.178881
0.184736
0.190484
0.196128
0.201669
0.207377
0.212975
0.218466
0.223852
0.228626
0.233316
0.237926
0.242456
0.246435
0.250352
0.254209
0.258007
0.261425
0.264796
0.268119
0.271395
0.274674
0.277905
0.281091
0.284231
0.286311
0.288370
0.290410
0.292430
0.294431
0.296412
0.298374
0.300318
0.301864
0.303398
0.304920
0.306431
0.307844
0.309247
0.310639
0.312022
0.313446
0.314860
0.316263
0.317656
0.318922
0.320179
0.321427
0.322667
0.324006
0.325336
0.326655
0.327965
0.329440
0.330903
0.332353
0.333791
0.335442
0.337076
0.338694
0.340297
0.342164
0.344009
0.345832
0.347634
0.349771
0.351878
0.353955
0.356004
0.358437
0.360830
0.363182
0.365495
0.368422
0.371286
0.374088
0.376828
0.379358
0.381836
0.384263
0.386641
0.388531
0.390389
0.392217
0.394014
0.395688
0.397336
0.398958
0.400555
0.402115
0.403652
0.405164
0.406653
0.408144
0.409611
0.411055
0.412475
0.413925
0.415351
0.416753
0.418132
0.419564
0.420970
0.422352
0.423710
0.425142
0.426548
0.427927
0.429280
0.430729
0.432148
0.433538
0.434900
0.436376
0.437818
0.439228
0.440606
0.442110
0.443577
0.445006
0.446399
0.447927
0.449411
0.450852
0.452253
0.453807
0.455310
0.456765
0.458172
0.459816
0.461395
0.462912
0.464370
0.465621
0.466827
0.467992
0.469115
0.470199
0.471245
0.472254
0.473228
0.474140
0.475021
0.475872
0.476694
0.477486
0.478252
0.478991
0.479705
0.480410
0.481090
0.481746
0.482380
0.483012
0.483622
0.484210
0.484776
0.485345
0.485893
0.486420
0.486927
0.487438
0.487929
0.488400
0.488853
0.489309
0.489746
0.490166
0.490568
0.490972
0.491358
0.491728
0.492082
0.492437
0.492776
0.493099
0.493408
0.493717
0.494011
0.494292
0.494559
0.494827
0.495082
0.495324
0.495554
0.495787
0.496007
0.496216
0.496414
0.496470
0.496524
0.496578
0.496631
_
0.876400
0.876400
0.876400
0.876400
0.876400
0.876400
0.876400
0.876400
0.876400
0.876400
0.876400
0.876400
0.876400
0.876400
0.876400
0.876400
0.876400
0.876400
0.876400
0.876400
0.876400
0.876400
0.876400
0.876400
0.876400
0.876400
0.876400
0.876400
0.876400
0.876400
0.876400
0.876400
0.876400
0.876400
0.876400
0.876400
0.876400
0.876400
0.876400
0.876400
0.876400
0.876400
0.876400
0.876400
0.876400
0.876400
0.876400
0.876400
0.876400
0.876400
0.876400
0.876400
0.876400
0.876400
0.876400
0.876400
0.876400
0.876400
0.876400
0.876400
0.876400
0.876400
0.876400
0.876400
0.876400
0.876400
0.876400
0.876400
0.876400
0.876400
0.876400
0.876400
0.876400
0.876400
0.876400
0.876400
0.876400
0.876400
0.876400
0.876400
0.876400
0.876400
0.876400
0.876400
0.876400
0.876400
0.876400
0.876400
0.876400
0.876400
0.876400
0.876400
0.876400
0.876400
0.876400
0.876400
0.876400
0.876400
0.876400
0.876400
0.876400
0.876400
0.876400
0.876400
0.876400
0.876400
0.876400
0.876400
0.876400
0.876400
0.876400
0.876400
0.876400
0.876400
0.876400
0.876400
0.876400
0.876400
0.876400
0.876400
0.876400
0.876400
0.876400
0.876400
0.876400
0.876400
0.876400
0.876400
0.876400
0.876400
0.876400
0.876400
0.876400
0.876400
0.876400
0.876400
0.876400
0.876400
0.876400
0.876400
0.876400
0.876400
0.876400
0.876400
0.876400
0.876400
0.876400
0.876400
0.876400
0.876400
0.876400
0.876400
0.876400
0.876400
0.876400
0.876400
0.876400
0.876400
0.876400
0.876400
0.876399
0.876399
0.876399
0.876399
0.876399
0.876398
0.876398
0.876398
0.876398
0.876397
0.876396
0.876396
0.876395
0.876394
0.876393
0.876391
0.876390
0.876388
0.876386
0.876384
0.876381
0.876377
0.876373
0.876369
0.876366
0.876359
0.876352
0.876345
0.876338
0.876326
0.876314
0.876302
0.876290
0.876270
0.876250
0.876230
0.876210
0.876177
0.876143
0.876110
0.876077
0.876023
0.875969
0.875915
0.875860
0.875774
0.875687
0.875601
0.875514
0.875377
0.875241
0.875104
0.874967
0.874755
0.874542
0.874329
0.874116
0.873789
0.873462
0.873135
0.872807
0.872310
0.871813
0.871315
0.870817
0.870070
0.869323
0.868574
0.867825
0.866712
0.865599
0.864484
0.863369
0.861725
0.860080
0.858434
0.856788
0.854376
0.851964
0.849552
0.847142
0.843929
0.840719
0.837512
0.834308
0.830295
0.826287
0.822286
0.818291
0.813563
0.808843
0.804131
0.799425
0.794219
0.789019
0.783822
0.778626
0.773299
0.767969
0.762633
0.757288
0.752133
0.746967
0.741787
0.736593
0.731591
0.726577
0.721555
0.716527
0.711026
0.705529
0.700040
0.694566
0.686232
0.677962
0.669770
0.661667
0.654540
0.647494
0.640531
0.633652
0.624946
0.616383
0.607964
0.599688
0.589985
0.580482
0.571174
0.562058
0.551361
0.540925
0.530744
0.520810
0.510641
0.500728
0.491066
0.481647
0.473349
0.465240
0.457317
0.449577
0.442817
0.436200
0.429724
0.423391
0.417728
0.412186
0.406768
0.401478
0.396242
0.391146
0.386196
0.381397
0.378264
0.375197
0.372194
0.369250
0.366356
0.363504
0.360680
0.357871
0.355619
0.353363
0.351099
0.348826
0.346675
0.344517
0.342355
0.340190
0.337943
0.335699
0.333461
0.331231
0.329198
0.327175
0.325164
0.323164
0.321002
0.318856
0.316727
0.314617
0.312242
0.309892
0.307567
0.305269
0.302638
0.300044
0.297487
0.294968
0.292051
0.289188
0.286380
0.283628
0.280395
0.277241
0.274166
0.271169
0.267651
0.264240
0.260931
0.257717
0.253702
0.249824
0.246070
0.242427
0.239083
0.235819
0.232625
0.229497
0.227005
0.224550
0.222128
0.219737
0.217500
0.215289
0.213103
0.210940
0.208815
0.206711
0.204630
0.202570
0.200495
0.198441
0.196409
0.194397
0.192332
0.190289
0.188268
0.186268
0.184179
0.182114
0.180072
0.178053
0.175908
0.173789
0.171696
0.169627
0.167395
0.165192
0.163017
0.160869
0.158522
0.156207
0.153924
0.151672
0.149188
0.146742
0.144333
0.141959
0.139328
0.136740
0.134195
0.131693
0.128880
0.126121
0.123414
0.120758
0.117608
0.114530
0.111524
0.108587
0.106029
0.103524
0.101072
0.098672
0.096323
0.094024
0.091776
0.089577
0.087490
0.085448
0.083450
0.081497
0.079592
0.077731
0.075911
0.074135
0.072363
0.070635
0.068950
0.067307
0.065652
0.064042
0.062476
0.060954
0.059414
0.057920
0.056472
0.055069
0.053648
0.052276
0.050950
0.049672
0.048381
0.047139
0.045946
0.044800
0.043649
0.042549
0.041497
0.040493
0.039491
0.038540
0.037637
0.036780
0.035933
0.035133
0.034381
0.033674
0.032978
0.032328
0.031724
0.031163
0.030611
0.030104
0.029640
0.029216
0.029100
0.028987
0.028878
0.028772
