0.000000
0.000000
0.000000
0.000000
0.000000
0.000000
0.000000
0.000000
0.000000
0.000000
0.000000
0.000000
0.000000
0.000000
0.000000
0.000000
0.000000
0.000000
0.000000
0.000000
0.000000
0.000000
0.000000
0.000000
0.000000
0.000000
0.000000
0.000000
0.000000
0.000000
0.000000
0.000000
0.000000
0.000000
0.000000
0.000000
0.000000
0.000000
0.000000
0.000000
0.000000
0.000000
0.000000
0.000000
0.000000
0.000000
0.000000
0.000000
0.000000
0.000000
0.000000
0.000000
0.000000
0.000000
0.000000
0.000000
0.000000
0.000000
0.000000
0.000000
0.000000
0.000000
0.000000
0.000000
0.000000
0.000000
0.000000
0.000000
0.000000
0.000000
0.000000
0.000000
0.000000
0.000000
0.000000
0.000000
0.000000
0.000000
0.000000
0.000000
0.000000
0.000000
0.000000
0.000000
0.000000
0.000000
0.000000
0.000000
0.000000
0.000000
0.000000
0.000000
0.000000
0.000000
0.000000
0.000000
0.000000
0.000000
0.000000
0.000000
0.000000
0.000000
0.000000
0.000000
0.000000
0.000000
0.000000
0.000000
0.000000
0.000000
0.000000
0.000000
0.000000
0.000000
0.000000
0.000000
0.000000
0.000000
0.000000
0.000000
0.000000
0.000000
0.000000
0.000000
0.000000
0.000000
0.000000
0.000000
0.000000
0.000000
0.000000
0.000000
0.000000
0.000000
0.000000
0.000000
0.000000
0.000000
0.000000
0.000000
0.000000
0.000000
0.000000
0.000000
0.000000
0.000000
0.000000
0.000000
0.000000
0.000000
0.000000
0.000000
0.000000
0.000000
0.000000
0.000000
0.000000
0.000000
0.000001
0.000001
0.000001
0.000001
0.000001
0.000001
0.000002
0.000002
0.000003
0.000003
0.000003
0.000004
0.000005
0.000006
0.000007
0.000009
0.000010
0.000012
0.000014
0.000017
0.000020
0.000023
0.000026
0.000031
0.000037
0.000042
0.000048
0.000057
0.000067
0.000076
0.000086
0.000102
0.000119
0.000135
0.000152
0.000179
0.000207
0.000235
0.000262
0.000308
0.000354
0.000400
0.000445
0.000519
0.000594
0.000668
0.000742
0.000861
0.000979
0.001098
0.001216
0.001403
0.001589
0.001776
0.001962
0.002252
0.002542
0.002831
0.003121
0.003564
0.004008
0.004451
0.004895
0.005567
0.006238
0.006910
0.007582
0.008588
0.009594
0.010601
0.011607
0.013101
0.014595
0.016089
0.017583
0.019785
0.021986
0.024188
0.026389
0.029616
0.032842
0.036068
0.039295
0.043597
0.047900
0.052203
0.056506
0.061903
0.067300
0.072697
0.078094
0.084491
0.090888
0.097285
0.103683
0.110768
0.117853
0.124939
0.132024
0.139287
0.146550
0.153813
0.161077
0.168066
0.175056
0.182046
0.189036
0.195752
0.202467
0.209182
0.215898
0.223241
0.230584
0.237927
0.245271
0.256504
0.267737
0.278971
0.290204
0.300195
0.310185
0.320176
0.330166
0.342995
0.355824
0.368653
0.381481
0.396810
0.412138
0.427467
0.442795
0.461197
0.479600
0.498002
0.516405
0.535721
0.555038
0.574355
0.593672
0.611108
0.628545
0.645982
0.663418
0.678988
0.694558
0.710128
0.725698
0.739926
0.754155
0.768383
0.782611
0.797058
0.811505
0.825952
0.840399
0.850085
0.859770
0.869455
0.879140
0.888825
0.898510
0.908196
0.917881
0.925654
0.933427
0.941200
0.948973
0.956300
0.963627
0.970955
0.978282
0.985890
0.993497
1.001105
1.008712
1.015678
1.022644
1.029610
1.036576
1.044160
1.051743
1.059327
1.066911
1.075523
1.084135
1.092748
1.101360
1.111342
1.121325
1.131308
1.141291
1.153049
1.164808
1.176566
1.188325
1.202448
1.216572
1.230696
1.244819
1.261866
1.278912
1.295959
1.313006
1.335011
1.357017
1.379022
1.401027
1.421782
1.442536
1.463291
1.484045
1.500858
1.517671
1.534484
1.551297
1.567222
1.583147
1.599073
1.614998
1.630819
1.646640
1.662461
1.678281
1.694382
1.710483
1.726584
1.742685
1.759390
1.776094
1.792799
1.809504
1.827144
1.844785
1.862425
1.880066
1.899018
1.917971
1.936924
1.955877
1.976577
1.997278
2.017979
2.038680
2.061612
2.084545
2.107477
2.130410
2.156069
2.181728
2.207387
2.233047
2.261958
2.290869
2.319780
2.348691
2.381777
2.414863
2.447949
2.481036
2.521132
2.561228
2.601324
2.641421
2.677149
2.712878
2.748606
2.784335
2.820064
2.855792
2.891521
2.927250
2.961912
2.996575
3.031238
3.065901
3.100488
3.135074
3.169661
3.204248
3.239580
3.274912
3.310244
3.345576
3.382120
3.418664
3.455208
3.491752
3.529833
3.567915
3.605996
3.644077
3.683924
3.723772
3.763619
3.803466
3.845227
3.886987
3.928747
3.970508
4.014262
4.058015
4.101769
4.145523
4.191328
4.237133
4.282939
4.328744
4.376729
4.424714
4.472699
4.520683
4.571181
4.621679
4.672177
4.722675
4.776418
4.830162
4.883905
4.937648
4.953236
4.968824
4.984412
5.000000
_
0.000000
0.000000
0.000000
0.000000
0.000000
0.000000
0.000000
0.000000
0.000000
0.000000
0.000000
0.000000
0.000000
0.000000
0.000000
0.000000
0.000000
0.000000
0.000000
0.000000
0.000000
0.000000
0.000000
0.000000
0.000000
0.000000
0.000000
0.000000
0.000000
0.000000
0.000000
0.000000
0.000000
0.000000
0.000000
0.000000
0.000000
0.000000
0.000000
0.000000
0.000000
0.000000
0.000000
0.000000
0.000000
0.000000
0.000000
0.000000
0.000000
0.000000
0.000000
0.000000
0.000000
0.000000
0.000000
0.000000
0.000000
0.000000
0.000000
0.000000
0.000000
0.000000
0.000000
0.000000
0.000000
0.000000
0.000000
0.000000
0.000000
0.000000
0.000000
0.000000
0.000000
0.000000
0.000000
0.000000
0.000000
0.000000
0.000000
0.000000
0.000000
0.000000
0.000000
0.000000
0.000000
0.000000
0.000000
0.000000
0.000000
0.000000
0.000000
0.000000
0.000000
0.000000
0.000000
0.000000
0.000000
0.000000
0.000000
0.000000
0.000000
0.000000
0.000000
0.000000
0.000000
0.000000
0.000000
0.000000
0.000000
0.000000
0.000000
0.000000
0.000000
0.000000
0.000000
0.000000
0.000000
0.000000
0.000000
0.000000
0.000000
0.000000
0.000000
0.000000
0.000000
0.000000
0.000000
0.000000
0.000000
0.000000
0.000000
0.000000
0.000000
0.000000
0.000000
0.000000
0.000000
0.000000
0.000000
0.000000
0.000000
0.000000
0.000000
0.000000
0.000000
0.000000
0.000000
0.000000
0.000000
0.000000
0.000000
0.000000
0.000000
0.000000
0.000000
0.000000
0.000000
0.000000
0.000000
0.000000
0.000000
0.000000
0.000000
0.000000
0.000000
0.000000
0.000000
0.000000
0.000000
0.000000
0.000000
0.000000
0.000000
0.000000
0.000000
0.000000
0.000000
0.000000
0.000000
0.000000
0.000000
0.000000
0.000000
0.000000
0.000000
0.000000
0.000000
0.000000
0.000000
0.000000
0.000000
0.000000
0.000000
0.000000
0.000000
0.000000
0.000000
0.000000
0.000000
0.000000
0.000000
0.000000
0.000000
0.000000
0.000000
0.000000
0.000000
0.000000
0.000000
0.000000
0.000000
0.000000
0.000000
0.000000
0.000000
0.000000
0.000000
0.000000
0.000000
0.000000
0.000000
0.000000
0.000000
0.000000
0.525463
0.527108
0.528653
0.530111
0.531495
0.533428
0.535237
0.536937
0.538543
0.540757
0.542813
0.544730
0.546524
0.548958
0.551185
0.553230
0.555114
0.557399
0.559455
0.561304
0.562968
0.564818
0.566431
0.567828
0.569032
0.570228
0.571199
0.571963
0.572540
0.572977
0.573218
0.573277
0.573165
0.572883
0.572437
0.571830
0.571063
0.570171
0.569123
0.567914
0.566535
0.565042
0.563377
0.561534
0.559510
0.557088
0.554451
0.551607
0.548565
0.543565
0.538198
0.532527
0.526612
0.521194
0.515665
0.510055
0.504393
0.497084
0.489770
0.482486
0.475260
0.466728
0.458330
0.450082
0.441988
0.432475
0.423172
0.414063
0.405126
0.395903
0.386816
0.377841
0.368956
0.360996
0.353079
0.345194
0.337331
0.330320
0.323310
0.316295
0.309269
0.302832
0.296375
0.289892
0.283381
0.276737
0.270060
0.263353
0.256624
0.252109
0.247600
0.243108
0.238647
0.234237
0.229901
0.225667
0.221562
0.218381
0.215313
0.212368
0.209550
0.207014
0.204591
0.202277
0.200069
0.197880
0.195790
0.193793
0.191881
0.190199
0.188580
0.187020
0.185514
0.183935
0.182415
0.180951
0.179540
0.178002
0.176527
0.175115
0.173763
0.172269
0.170851
0.169508
0.168236
0.166828
0.165512
0.164286
0.163145
0.161881
0.160723
0.159664
0.158691
0.157618
0.156635
0.155722
0.154857
0.153777
0.152702
0.151592
0.150416
0.149223
0.147931
0.146528
0.145007
0.143687
0.142286
0.140808
0.139254
0.137716
0.136116
0.134459
0.132749
0.131003
0.129214
0.127385
0.125523
0.123598
0.121648
0.119675
0.117686
0.115608
0.113519
0.111425
0.109327
0.107112
0.104901
0.102697
0.100502
0.098157
0.095827
0.093516
0.091224
0.088745
0.086292
0.083868
0.081472
0.078853
0.076271
0.073727
0.071220
0.068461
0.065750
0.063087
0.060473
0.057585
0.054760
0.051995
0.049293
0.046276
0.043340
0.040486
0.037713
0.034461
0.031328
0.028311
0.025411
0.022921
0.020521
0.018206
0.015976
0.013827
0.011758
0.009765
0.007846
0.006052
0.004323
0.002657
0.001050
-0.000496
-0.001985
-0.003422
-0.004807
-0.006170
-0.007482
-0.008746
-0.009963
-0.011173
-0.012336
-0.013452
-0.014524
-0.015594
-0.016617
-0.017595
-0.018528
-0.019458
-0.020341
-0.021179
-0.021971
-0.022754
-0.023490
-0.024178
-0.024820
-0.025444
-0.026019
-0.026545
-0.027023
-0.027474
-0.027874
-0.028224
-0.028525
-0.028788
-0.028999
-0.029160
-0.029270
-0.029334
-0.029344
-0.029303
-0.029211
-0.029059
-0.028854
-0.028597
-0.028290
-0.028191
-0.028089
_
0.000000
0.000000
0.000000
0.000000
0.000000
0.000000
0.000000
0.000000
0.000000
0.000000
0.000000
0.000000
0.000000
0.000000
0.000000
0.000000
0.000000
0.000000
0.000000
0.000000
0.000000
0.000000
0.000000
0.000000
0.000000
0.000000
0.000000
0.000000
0.000000
0.000000
0.000000
0.000000
0.000000
0.000000
0.000000
0.000000
0.000000
0.000000
0.000000
0.000000
0.000000
0.000000
0.000000
0.000000
0.000000
0.000000
0.000000
0.000000
0.000000
0.000000
0.000000
0.000000
0.000000
0.000000
0.000000
0.000000
0.000000
0.000000
0.000000
0.000000
0.000000
0.000000
0.000000
0.000000
0.000000
0.000000
0.000000
0.000000
0.000000
0.000000
0.000000
0.000000
0.000000
0.000000
0.000000
0.000000
0.000000
0.000000
0.000000
0.000000
0.000000
0.000000
0.000000
0.000000
0.000000
0.000000
0.000000
0.000000
0.000000
0.000000
0.000000
0.000000
0.000000
0.000000
0.000000
0.000000
0.000000
0.000000
0.000000
0.000000
0.000000
0.000000
0.000000
0.000000
0.000000
0.000000
0.000000
0.000000
0.000000
0.000000
0.000000
0.000000
0.000000
0.000000
0.000000
0.000000
0.000000
0.000000
0.000000
0.000000
0.000000
0.000000
0.000000
0.000000
0.000000
0.000000
0.000000
0.000000
0.000000
0.000000
0.000000
0.000000
0.000000
0.000000
0.000000
0.000000
0.000000
0.000000
0.000000
0.000000
0.000000
0.000000
0.000000
0.000000
0.000000
0.000000
0.000000
0.000000
0.000000
0.000000
0.000000
0.000000
0.000000
0.000000
0.000000
0.000000
0.000000
0.000000
0.000000
0.000000
0.000000
0.000000
0.000000
0.000000
0.000000
0.000000
0.000000
0.000000
0.000000
0.000000
0.000000
0.000000
0.000000
0.000000
0.000000
0.000000
0.000000
0.000000
0.000000
0.000000
0.000000
0.000000
0.000000
0.000000
0.000000
0.000000
0.000000
0.000000
0.000000
0.000000
0.000000
0.000000
0.000000
0.000000
0.000000
0.000000
0.000000
0.000000
0.000000
0.000000
0.000000
0.000000
0.000000
0.000000
0.000000
0.000000
0.000000
0.000000
0.000000
0.000000
0.000000
0.000000
0.000000
0.000000
0.000000
0.000000
0.000000
0.000000
0.000000
0.000000
0.000000
0.000000
0.000000
0.000000
0.496224
0.495724
0.495226
0.494728
0.494230
0.493492
0.492756
0.492020
0.491285
0.490205
0.489127
0.488051
0.486978
0.485409
0.483846
0.482287
0.480734
0.478670
0.476614
0.474568
0.472531
0.469987
0.467458
0.464942
0.462439
0.459490
0.456560
0.453649
0.450756
0.447573
0.444413
0.441276
0.438160
0.434989
0.431841
0.428716
0.425614
0.422649
0.419705
0.416781
0.413878
0.411108
0.408357
0.405624
0.402909
0.399961
0.397035
0.394130
0.391246
0.386876
0.382554
0.378281
0.374055
0.370337
0.366656
0.363011
0.359402
0.354821
0.350298
0.345833
0.341425
0.336231
0.331116
0.326080
0.321119
0.315264
0.309516
0.303872
0.298331
0.292623
0.287025
0.281534
0.276148
0.271374
0.266684
0.262074
0.257544
0.253565
0.249648
0.245791
0.241993
0.238575
0.235204
0.231881
0.228605
0.225326
0.222095
0.218909
0.215769
0.213689
0.211630
0.209590
0.207570
0.205569
0.203588
0.201626
0.199682
0.198136
0.196602
0.195080
0.193569
0.192156
0.190753
0.189361
0.187978
0.186554
0.185140
0.183737
0.182344
0.181078
0.179821
0.178573
0.177333
0.175994
0.174664
0.173345
0.172035
0.170560
0.169097
0.167647
0.166209
0.164558
0.162924
0.161306
0.159703
0.157836
0.155991
0.154168
0.152366
0.150229
0.148122
0.146045
0.143996
0.141563
0.139170
0.136818
0.134505
0.131578
0.128714
0.125912
0.123172
0.120642
0.118164
0.115737
0.113359
0.111469
0.109611
0.107783
0.105986
0.104312
0.102664
0.101042
0.099445
0.097885
0.096348
0.094836
0.093347
0.091856
0.090389
0.088945
0.087525
0.086075
0.084649
0.083247
0.081868
0.080436
0.079030
0.077648
0.076290
0.074858
0.073452
0.072073
0.070720
0.069271
0.067852
0.066462
0.065100
0.063624
0.062182
0.060772
0.059394
0.057890
0.056423
0.054994
0.053601
0.052073
0.050589
0.049148
0.047747
0.046193
0.044690
0.043235
0.041828
0.040184
0.038605
0.037088
0.035630
0.034379
0.033173
0.032008
0.030885
0.029801
0.028755
0.027746
0.026772
0.025860
0.024979
0.024128
0.023306
0.022514
0.021748
0.021009
0.020295
0.019590
0.018910
0.018254
0.017620
0.016988
0.016378
0.015790
0.015224
0.014655
0.014107
0.013580
0.013073
0.012562
0.012071
0.011600
0.011147
0.010691
0.010254
0.009834
0.009432
0.009028
0.008642
0.008272
0.007918
0.007563
0.007224
0.006901
0.006592
0.006283
0.005989
0.005708
0.005441
0.005173
0.004918
0.004676
0.004446
0.004213
0.003993
0.003784
0.003586
0.003530
0.003476
_
0.000000
0.000000
0.000000
0.000000
0.000000
0.000000
0.000000
0.000000
0.000000
0.000000
0.000000
0.000000
0.000000
0.000000
0.000000
0.000000
0.000000
0.000000
0.000000
0.000000
0.000000
0.000000
0.000000
0.000000
0.000000
0.000000
0.000000
0.000000
0.000000
0.000000
0.000000
0.000000
0.000000
0.000000
0.000000
0.000000
0.000000
0.000000
0.000000
0.000000
0.000000
0.000000
0.000000
0.000000
0.000000
0.000000
0.000000
0.000000
0.000000
0.000000
0.000000
0.000000
0.000000
0.000000
0.000000
0.000000
0.000000
0.000000
0.000000
0.000000
0.000000
0.000000
0.000000
0.000000
0.000000
0.000000
0.000000
0.000000
0.000000
0.000000
0.000000
0.000000
0.000000
0.000000
0.000000
0.000000
0.000000
0.000000
0.000000
0.000000
0.000000
0.000000
0.000000
0.000000
0.000000
0.000000
0.000000
0.000000
0.000000
0.000000
0.000000
0.000000
0.000000
0.000000
0.000000
0.000000
0.000000
0.000000
0.000000
0.000000
0.000000
0.000000
0.000000
0.000000
0.000000
0.000000
0.000000
0.000000
0.000000
0.000000
0.000000
0.000000
0.000000
0.000000
0.000000
0.000000
0.000000
0.000000
0.000000
0.000000
0.000000
0.000000
0.000000
0.000000
0.000000
0.000000
0.000000
0.000000
0.000000
0.000000
0.000000
0.000000
0.000000
0.000000
0.000000
0.000000
0.000000
0.000000
0.000000
0.000000
0.000000
0.000000
0.000000
0.000000
0.000000
0.000000
0.000000
0.000000
0.000000
0.000000
0.000000
0.000000
0.000000
0.000000
0.000000
0.000000
0.000000
0.000000
0.000000
0.000000
0.000000
0.000000
0.000000
0.000000
0.000000
0.000000
0.000000
0.000000
0.000000
0.000000
0.000000
0.000000
0.000000
0.000000
0.000000
0.000000
0.000000
0.000000
0.000000
0.000000
0.000000
0.000000
0.000000
0.000000
0.000000
0.000000
0.000000
0.000000
0.000000
0.000000
0.000000
0.000000
0.000000
0.000000
0.000000
0.000000
0.000000
0.000000
0.000000
0.000000
0.000000
0.000000
0.000000
0.000000
0.000000
0.000000
0.000000
0.000000
0.000000
0.000000
0.000000
0.000000
0.000000
0.000000
0.000000
0.000000
0.000000
0.000000
0.000000
0.000000
0.000000
0.000000
0.000000
0.000000
-0.870817
-0.870070
-0.869323
-0.868574
-0.867825
-0.866712
-0.865599
-0.864484
-0.863369
-0.861725
-0.860080
-0.858434
-0.856788
-0.854376
-0.851964
-0.849552
-0.847142
-0.843929
-0.840719
-0.837512
-0.834308
-0.830295
-0.826287
-0.822286
-0.818291
-0.813563
-0.808843
-0.804131
-0.799425
-0.794219
-0.789019
-0.783822
-0.778626
-0.773299
-0.767969
-0.762633
-0.757288
-0.752133
-0.746967
-0.741787
-0.736593
-0.731591
-0.726577
-0.721555
-0.716527
-0.711026
-0.705529
-0.700040
-0.694566
-0.686232
-0.677962
-0.669770
-0.661667
-0.654540
-0.647494
-0.640531
-0.633652
-0.624946
-0.616383
-0.607964
-0.599688
-0.589985
-0.580482
-0.571174
-0.562058
-0.551361
-0.540925
-0.530744
-0.520810
-0.510641
-0.500728
-0.491066
-0.481647
-0.473349
-0.465240
-0.457317
-0.449577
-0.442817
-0.436200
-0.429724
-0.423391
-0.417728
-0.412186
-0.406768
-0.401478
-0.396242
-0.391146
-0.386196
-0.381397
-0.378264
-0.375197
-0.372194
-0.369250
-0.366356
-0.363504
-0.360680
-0.357871
-0.355619
-0.353363
-0.351099
-0.348826
-0.346675
-0.344517
-0.342355
-0.340190
-0.337943
-0.335699
-0.333461
-0.331231
-0.329198
-0.327175
-0.325164
-0.323164
-0.321002
-0.318856
-0.316727
-0.314617
-0.312242
-0.309892
-0.307567
-0.305269
-0.302638
-0.300044
-0.297487
-0.294968
-0.292051
-0.289188
-0.286380
-0.283628
-0.280395
-0.277241
-0.274166
-0.271169
-0.267651
-0.264240
-0.260931
-0.257717
-0.253702
-0.249824
-0.246070
-0.242427
-0.239083
-0.235819
-0.232625
-0.229497
-0.227005
-0.224550
-0.222128
-0.219737
-0.217500
-0.215289
-0.213103
-0.210940
-0.208815
-0.206711
-0.204630
-0.202570
-0.200495
-0.198441
-0.196409
-0.194397
-0.192332
-0.190289
-0.188268
-0.186268
-0.184179
-0.182114
-0.180072
-0.178053
-0.175908
-0.173789
-0.171696
-0.169627
-0.167395
-0.165192
-0.163017
-0.160869
-0.158522
-0.156207
-0.153924
-0.151672
-0.149188
-0.146742
-0.144333
-0.141959
-0.139328
-0.136740
-0.134195
-0.131693
-0.128880
-0.126121
-0.123414
-0.120758
-0.117608
-0.114530
-0.111524
-0.108587
-0.106029
-0.103524
-0.101072
-0.098672
-0.096323
-0.094024
-0.091776
-0.089577
-0.087490
-0.085448
-0.083450
-0.081497
-0.079592
-0.077731
-0.075911
-0.074135
-0.072363
-0.070635
-0.068950
-0.067307
-0.065652
-0.064042
-0.062476
-0.060954
-0.059414
-0.057920
-0.056472
-0.055069
-0.053648
-0.052276
-0.050950
-0.049672
-0.048381
-0.047139
-0.045946
-0.044800
-0.043649
-0.042549
-0.041497
-0.040493
-0.039491
-0.038540
-0.037637
-0.036780
-0.035933
-0.035133
-0.034381
-0.033674
-0.032978
-0.032328
-0.031724
-0.031163
-0.030611
-0.030104
-0.029640
-0.029216
-0.029100
-0.028987
