0.000000
0.000000
0.000000
0.000000
0.000000
0.000000
0.000000
0.000000
0.000000
0.000000
0.000000
0.000000
0.000000
0.000000
0.000000
0.000000
0.000000
0.000000
0.000000
0.000000
0.000000
0.000000
0.000000
0.000000
0.000000
0.000000
0.000000
0.000000
0.000000
0.000000
0.000000
0.000000
0.000000
0.000000
0.000000
0.000000
0.000000
0.000000
0.000000
0.000000
0.000000
0.000000
0.000000
0.000000
0.000000
0.000000
0.000000
0.000000
0.000000
0.000000
0.000000
0.000000
0.000000
0.000000
0.000000
0.000000
0.000000
0.000000
0.000000
0.000000
0.000000
0.000000
0.000000
0.000000
0.000000
0.000000
0.000000
0.000000
0.000000
0.000000
0.000000
0.000000
0.000000
0.000000
0.000000
0.000000
0.000000
0.000000
0.000000
0.000000
0.000000
0.000000
0.000000
0.000000
0.000000
0.000000
0.000000
0.000000
0.000000
0.000000
0.000000
0.000000
0.000000
0.000000
0.000000
0.000000
0.000000
0.000000
0.000000
0.000000
0.000000
0.000000
0.000000
0.000000
0.000000
0.000000
0.000000
0.000000
0.000000
0.000000
0.000000
0.000000
0.000000
0.000000
0.000000
0.000000
0.000000
0.000000
0.000000
0.000000
0.000000
0.000000
0.000000
0.000000
0.000000
0.000000
0.000000
0.000000
0.000000
0.000000
0.000000
0.000000
0.000000
0.000000
0.000000
0.000000
0.000000
0.000000
0.000000
0.000000
0.000000
0.000000
0.000000
0.000000
0.000000
0.000000
0.000000
0.000000
0.000000
0.000000
0.000000
0.000000
0.000000
0.000000
0.000000
0.000000
0.000000
0.000000
0.000001
0.000001
0.000001
0.000001
0.000001
0.000001
0.000002
0.000002
0.000003
0.000003
0.000003
0.000004
0.000005
0.000006
0.000007
0.000009
0.000010
0.000012
0.000014
0.000017
0.000020
0.000023
0.000026
0.000031
0.000037
0.000042
0.000048
0.000057
0.000067
0.000076
0.000086
0.000102
0.000119
0.000135
0.000152
0.000179
0.000207
0.000235
0.000262
0.000308
0.000354
0.000400
0.000445
0.000519
0.000594
0.000668
0.000742
0.000861
0.000979
0.001098
0.001216
0.001403
0.001589
0.001776
0.001962
0.002252
0.002542
0.002831
0.003121
0.003564
0.004008
0.004451
0.004895
0.005567
0.006238
0.006910
0.007582
0.008588
0.009594
0.010601
0.011607
0.013101
0.014595
0.016089
0.017583
0.019785
0.021986
0.024188
0.026389
0.029616
0.032842
0.036068
0.039295
0.043597
0.047900
0.052203
0.056506
0.061903
0.067300
0.072697
0.078094
0.084491
0.090888
0.097285
0.103683
0.110768
0.117853
0.124939
0.132024
0.139287
0.146550
0.153813
0.161077
0.168066
0.175056
0.182046
0.189036
0.195752
0.202467
0.209182
0.215898
0.223241
0.230584
0.237927
0.245271
0.256504
0.267737
0.278971
0.290204
0.300195
0.310185
0.320176
0.330166
0.342995
0.355824
0.368653
0.381481
0.396810
0.412138
0.427467
0.442795
0.461197
0.479600
0.498002
0.516405
0.535721
0.555038
0.574355
0.593672
0.611108
0.628545
0.645982
0.663418
0.678988
0.694558
0.710128
0.725698
0.739926
0.754155
0.768383
0.782611
0.797058
0.811505
0.825952
0.840399
0.850085
0.859770
0.869455
0.879140
0.888825
0.898510
0.908196
0.917881
0.925654
0.933427
0.941200
0.948973
0.956300
0.963627
0.970955
0.978282
0.985890
0.993497
1.001105
1.008712
1.015678
1.022644
1.029610
1.036576
1.044160
1.051743
1.059327
1.066911
1.075523
1.084135
1.092748
1.101360
1.111342
1.121325
1.131308
1.141291
1.153049
1.164808
1.176566
1.188325
1.202448
1.216572
1.230696
1.244819
1.261866
1.278912
1.295959
1.313006
1.335011
1.357017
1.379022
1.401027
1.421782
1.442536
1.463291
1.484045
1.500858
1.517671
1.534484
1.551297
1.567222
1.583147
1.599073
1.614998
1.630819
1.646640
1.662461
1.678281
1.694382
1.710483
1.726584
1.742685
1.759390
1.776094
1.792799
1.809504
1.827144
1.844785
1.862425
1.880066
1.899018
1.917971
1.936924
1.955877
1.976577
1.997278
2.017979
2.038680
2.061612
2.084545
2.107477
2.130410
2.156069
2.181728
2.207387
2.233047
2.261958
2.290869
2.319780
2.348691
2.381777
2.414863
2.447949
2.481036
2.521132
2.561228
2.601324
2.641421
2.677149
2.712878
2.748606
2.784335
2.820064
2.855792
2.891521
2.927250
2.961912
2.996575
3.031238
3.065901
3.100488
3.135074
3.169661
3.204248
3.239580
3.274912
3.310244
3.345576
3.382120
3.418664
3.455208
3.491752
3.529833
3.567915
3.605996
3.644077
3.683924
3.723772
3.763619
3.803466
3.845227
3.886987
3.928747
3.970508
4.014262
4.058015
4.101769
4.145523
4.191328
4.237133
4.282939
4.328744
4.376729
4.424714
4.472699
4.520683
4.571181
4.621679
4.672177
4.722675
4.776418
4.830162
4.883905
4.937648
4.953236
4.968824
4.984412
5.000000
_
0.000000
0.000000
0.000000
0.000000
0.000000
0.000000
0.000000
0.000000
0.000000
0.000000
0.000000
0.000000
0.000000
0.000000
0.000000
0.000000
0.000000
0.000000
0.000000
0.000000
0.000000
0.000000
0.000000
0.000000
0.000000
0.000000
0.000000
0.000000
0.000000
0.000000
0.000000
0.000000
0.000000
0.000000
0.000000
0.000000
0.000000
0.000000
0.000000
0.000000
0.000000
0.000000
0.000000
0.000000
0.000000
0.000000
0.000000
0.000000
0.000000
0.000000
0.000000
0.000000
0.000000
0.000000
0.000000
0.000000
0.000000
0.000000
0.000000
0.000000
0.000000
0.000006
0.000015
0.000018
0.000017
0.000017
0.000017
0.000017
0.000017
0.000017
0.000017
0.000017
0.000017
0.000017
0.000017
0.000017
0.000017
0.000017
0.000017
0.000017
0.000017
0.000017
0.000017
0.000017
0.000017
0.000017
0.000017
0.000017
0.000017
0.000017
0.000017
0.000017
0.000017
0.000017
0.000017
0.000017
0.000017
0.000017
0.000017
0.000017
0.000017
0.000017
0.000017
0.000017
0.000017
0.000017
0.000017
0.000017
0.000017
0.000017
0.000017
0.000017
0.000017
0.000017
0.000017
0.000017
0.000017
0.000017
0.000017
0.000017
0.000017
0.000017
0.000017
0.000017
0.000017
0.000017
0.000017
0.000017
0.000017
0.000017
0.000017
0.000017
0.000017
0.000017
0.000017
0.000017
0.000017
0.000017
0.000017
0.000017
0.000017
0.000017
0.000017
0.000017
0.000017
0.000017
0.000017
0.000017
0.000017
0.000017
0.000017
0.000017
0.000017
0.000017
0.000017
0.000017
0.000017
0.000018
0.000018
0.000018
0.000018
0.000018
0.000018
0.000018
0.000018
0.000018
0.000019
0.000019
0.000019
0.000019
0.000020
0.000020
0.000021
0.000021
0.000022
0.000023
0.000024
0.000025
0.000027
0.000028
0.000029
0.000032
0.000035
0.000037
0.000040
0.000044
0.000049
0.000053
0.000058
0.000066
0.000074
0.000081
0.000089
0.000103
0.000116
0.000129
0.000142
0.000164
0.000186
0.000209
0.000231
0.000267
0.000303
0.000339
0.000376
0.000434
0.000492
0.000551
0.000610
0.000703
0.000796
0.000890
0.000985
0.001132
0.001280
0.001429
0.001578
0.001809
0.002041
0.002275
0.002511
0.002870
0.003233
0.003600
0.003969
0.004528
0.005094
0.005667
0.006246
0.007117
0.008002
0.008900
0.009811
0.011177
0.012571
0.013993
0.015442
0.017616
0.019850
0.022144
0.024499
0.027735
0.031084
0.034548
0.038131
0.042798
0.047665
0.052742
0.058037
0.064612
0.071528
0.078807
0.086471
0.095438
0.104943
0.115024
0.125718
0.137359
0.149729
0.162866
0.176799
0.190980
0.205923
0.221614
0.238017
0.254390
0.271288
0.288615
0.306260
0.325775
0.345361
0.364865
0.384146
0.412948
0.440644
0.467030
0.491997
0.512983
0.532827
0.551551
0.569186
0.590302
0.609783
0.627719
0.644200
0.662105
0.678198
0.692613
0.705479
0.719051
0.730766
0.740805
0.749333
0.756812
0.762915
0.767747
0.771382
0.773674
0.775041
0.775481
0.774979
0.773711
0.771639
0.768733
0.764960
0.760723
0.755710
0.749901
0.743289
0.735759
0.727433
0.718374
0.708702
0.701962
0.695107
0.688240
0.681491
0.675013
0.668983
0.663580
0.658970
0.655938
0.653548
0.651815
0.650726
0.650259
0.650291
0.650771
0.651650
0.652929
0.654532
0.656415
0.658537
0.660664
0.662945
0.665362
0.667900
0.670786
0.673788
0.676894
0.680093
0.683829
0.687663
0.691586
0.695586
0.700310
0.705115
0.709987
0.714914
0.720773
0.726671
0.732590
0.738508
0.745590
0.752610
0.759536
0.766338
0.774339
0.782069
0.789487
0.796559
0.805131
0.813037
0.820252
0.826769
0.832283
0.837197
0.841534
0.845322
0.848012
0.850380
0.852447
0.854230
0.855676
0.856900
0.857918
0.858745
0.859392
0.859876
0.860211
0.860409
0.860481
0.860433
0.860275
0.860017
0.859653
0.859199
0.858663
0.858054
0.857338
0.856555
0.855711
0.854812
0.853791
0.852719
0.851602
0.850442
0.849134
0.847787
0.846403
0.844989
0.843389
0.841758
0.840099
0.838417
0.836508
0.834576
0.832624
0.830654
0.828416
0.826163
0.823897
0.821622
0.819011
0.816396
0.813780
0.811168
0.808009
0.804864
0.801737
0.798630
0.795879
0.793147
0.790435
0.787741
0.785065
0.782406
0.779763
0.777134
0.774596
0.772068
0.769549
0.767036
0.764534
0.762034
0.759536
0.757038
0.754484
0.751927
0.749364
0.746796
0.744131
0.741458
0.738774
0.736080
0.733260
0.730426
0.727578
0.724716
0.721705
0.718678
0.715635
0.712575
0.709351
0.706110
0.702851
0.699576
0.696127
0.692662
0.689181
0.685685
0.682010
0.678321
0.674620
0.670908
0.667008
0.663100
0.659184
0.655264
0.651134
0.647002
0.642871
0.638743
0.634356
0.629977
0.625610
0.621256
0.619997
0.618739
0.617482
0.616227
_
0.000000
-0.000000
-0.000000
-0.000000
-0.000000
-0.000000
-0.000000
-0.000000
-0.000000
-0.000000
-0.000000
-0.000000
-0.000000
-0.000000
-0.000000
-0.000000
-0.000000
-0.000000
-0.000000
-0.000000
-0.000000
-0.000000
-0.000000
-0.000000
-0.000000
-0.000000
-0.000000
-0.000000
-0.000000
-0.000000
-0.000000
-0.000000
-0.000000
-0.000000
-0.000000
-0.000000
-0.000000
-0.000000
-0.000000
-0.000000
-0.000000
-0.000000
-0.000000
-0.000000
-0.000000
-0.000000
-0.000000
-0.000000
-0.000000
-0.000000
-0.000000
-0.000000
-0.000000
-0.000000
-0.000000
-0.000000
-0.000000
-0.000000
-0.000000
-0.000000
-0.000000
-0.000000
-0.000000
-0.000000
-0.000000
-0.000000
-0.000000
-0.000000
-0.000000
-0.000000
-0.000000
-0.000000
-0.000000
-0.000000
-0.000000
-0.000000
-0.000000
-0.000000
-0.000000
-0.000000
-0.000000
-0.000000
-0.000000
-0.000000
-0.000000
-0.000000
-0.000000
-0.000000
-0.000000
-0.000000
-0.000000
-0.000000
-0.000000
-0.000000
-0.000000
-0.000000
-0.000000
-0.000000
-0.000000
-0.000000
-0.000000
-0.000000
-0.000000
-0.000000
-0.000000
-0.000000
-0.000000
-0.000000
-0.000000
-0.000001
-0.000001
-0.000001
-0.000001
-0.000001
-0.000001
-0.000002
-0.000002
-0.000002
-0.000003
-0.000003
-0.000003
-0.000004
-0.000005
-0.000006
-0.000006
-0.000008
-0.000010
-0.000011
-0.000012
-0.000015
-0.000017
-0.000019
-0.000021
-0.000027
-0.000031
-0.000035
-0.000038
-0.000047
-0.000054
-0.000060
-0.000066
-0.000082
-0.000096
-0.000107
-0.000118
-0.000139
-0.000158
-0.000174
-0.000189
-0.000226
-0.000257
-0.000285
-0.000310
-0.000369
-0.000419
-0.000464
-0.000505
-0.000590
-0.000663
-0.000730
-0.000790
-0.000903
-0.001002
-0.001093
-0.001176
-0.001327
-0.001462
-0.001586
-0.001701
-0.001905
-0.002089
-0.002259
-0.002416
-0.002689
-0.002936
-0.003165
-0.003378
-0.003739
-0.004068
-0.004372
-0.004657
-0.005129
-0.005561
-0.005962
-0.006339
-0.006950
-0.007512
-0.008036
-0.008528
-0.009314
-0.010039
-0.010716
-0.011354
-0.012354
-0.013282
-0.014150
-0.014969
-0.016235
-0.017411
-0.018515
-0.019560
-0.021150
-0.022633
-0.024029
-0.025351
-0.027337
-0.029195
-0.030948
-0.032611
-0.035080
-0.037395
-0.039583
-0.041665
-0.044718
-0.047590
-0.050310
-0.052902
-0.056663
-0.060210
-0.063577
-0.066791
-0.071410
-0.075776
-0.079929
-0.083899
-0.089556
-0.094915
-0.100022
-0.104911
-0.111827
-0.118390
-0.124655
-0.130661
-0.139105
-0.147133
-0.154806
-0.162171
-0.172481
-0.182298
-0.191690
-0.200715
-0.212251
-0.223291
-0.233900
-0.244132
-0.256495
-0.268399
-0.279902
-0.291050
-0.303860
-0.316285
-0.328372
-0.340165
-0.352927
-0.365418
-0.377677
-0.389741
-0.401941
-0.414004
-0.425958
-0.437831
-0.449200
-0.460529
-0.471829
-0.483106
-0.493917
-0.504701
-0.515447
-0.526143
-0.537759
-0.549269
-0.560650
-0.571880
-0.588722
-0.605113
-0.621020
-0.636426
-0.649704
-0.662586
-0.675079
-0.687193
-0.702210
-0.716645
-0.730525
-0.743877
-0.759174
-0.773799
-0.787794
-0.801197
-0.816559
-0.831181
-0.845113
-0.858404
-0.871709
-0.884394
-0.896496
-0.908048
-0.918027
-0.927601
-0.936786
-0.945595
-0.953153
-0.960426
-0.967417
-0.974125
-0.980006
-0.985643
-0.991026
-0.996144
-1.001056
-1.005663
-1.009949
-1.013903
-1.016365
-1.018680
-1.020856
-1.022910
-1.024866
-1.026757
-1.028623
-1.030505
-1.032057
-1.033662
-1.035333
-1.037074
-1.038779
-1.040542
-1.042355
-1.044210
-1.046171
-1.048158
-1.050162
-1.052176
-1.054023
-1.055867
-1.057706
-1.059535
-1.061513
-1.063473
-1.065412
-1.067329
-1.069475
-1.071585
-1.073658
-1.075690
-1.077993
-1.080235
-1.082415
-1.084529
-1.086934
-1.089241
-1.091450
-1.093559
-1.095958
-1.098212
-1.100320
-1.102287
-1.104478
-1.106479
-1.108302
-1.109963
-1.111892
-1.113612
-1.115161
-1.116571
-1.117804
-1.118968
-1.120084
-1.121169
-1.122036
-1.122899
-1.123764
-1.124634
-1.125467
-1.126310
-1.127166
-1.128034
-1.128911
-1.129802
-1.130708
-1.131628
-1.132580
-1.133545
-1.134526
-1.135519
-1.136565
-1.137623
-1.138695
-1.139780
-1.140939
-1.142110
-1.143294
-1.144490
-1.145788
-1.147098
-1.148420
-1.149755
-1.151226
-1.152710
-1.154207
-1.155716
-1.157403
-1.159104
-1.160819
-1.162547
-1.164496
-1.166461
-1.168441
-1.170434
-1.172695
-1.174971
-1.177260
-1.179562
-1.182208
-1.184866
-1.187532
-1.190205
-1.193450
-1.196697
-1.199942
-1.203182
-1.206061
-1.208931
-1.211788
-1.214631
-1.217457
-1.220263
-1.223049
-1.225810
-1.228465
-1.231094
-1.233694
-1.236265
-1.238798
-1.241297
-1.243761
-1.246189
-1.248629
-1.251027
-1.253382
-1.255693
-1.258034
-1.260324
-1.262563
-1.264749
-1.266969
-1.269129
-1.271229
-1.273268
-1.275335
-1.277333
-1.279262
-1.281122
-1.282997
-1.284795
-1.286517
-1.288163
-1.289807
-1.291368
-1.292847
-1.294245
-1.295623
-1.296913
-1.298119
-1.299241
-1.300327
-1.301326
-1.302237
-1.303064
-1.303846
-1.304539
-1.305147
-1.305672
-1.306143
-1.306527
-1.306829
-1.307052
-1.307102
-1.307146
-1.307184
-1.307216
_
0.000000
-0.000000
0.000000
0.000000
0.000000
0.000000
0.000000
-0.000000
-0.000000
-0.000000
-0.000000
-0.000000
-0.000000
-0.000000
-0.000000
-0.000000
-0.000000
-0.000000
-0.000000
-0.000000
-0.000000
-0.000000
-0.000000
-0.000000
-0.000000
-0.000000
-0.000000
-0.000000
-0.000000
-0.000000
-0.000000
-0.000000
-0.000000
-0.000000
-0.000000
-0.000000
-0.000000
-0.000000
-0.000000
-0.000000
-0.000000
-0.000000
-0.000000
-0.000000
-0.000000
-0.000000
-0.000000
-0.000000
-0.000000
-0.000000
-0.000000
-0.000000
-0.000000
-0.000000
-0.000000
-0.000000
-0.000000
-0.000000
-0.000000
-0.000000
-0.000000
-0.000001
-0.000003
-0.000004
-0.000004
-0.000004
-0.000004
-0.000004
-0.000004
-0.000004
-0.000004
-0.000004
-0.000004
-0.000004
-0.000004
-0.000004
-0.000004
-0.000003
-0.000003
-0.000003
-0.000003
-0.000003
-0.000002
-0.000002
-0.000002
-0.000002
-0.000001
-0.000001
-0.000001
-0.000001
-0.000001
-0.000001
-0.000001
-0.000001
-0.000000
-0.000000
-0.000000
-0.000000
-0.000000
-0.000000
-0.000000
-0.000000
-0.000000
-0.000000
-0.000000
-0.000000
-0.000000
-0.000000
-0.000000
-0.000001
-0.000001
-0.000001
-0.000001
-0.000001
-0.000001
-0.000001
-0.000001
-0.000002
-0.000002
-0.000002
-0.000003
-0.000003
-0.000004
-0.000004
-0.000005
-0.000006
-0.000007
-0.000008
-0.000009
-0.000011
-0.000013
-0.000015
-0.000016
-0.000020
-0.000023
-0.000026
-0.000029
-0.000035
-0.000041
-0.000046
-0.000050
-0.000062
-0.000073
-0.000081
-0.000089
-0.000106
-0.000120
-0.000132
-0.000144
-0.000171
-0.000195
-0.000216
-0.000235
-0.000280
-0.000318
-0.000352
-0.000383
-0.000447
-0.000502
-0.000552
-0.000598
-0.000683
-0.000759
-0.000827
-0.000890
-0.001005
-0.001107
-0.001200
-0.001287
-0.001442
-0.001581
-0.001708
-0.001827
-0.002033
-0.002220
-0.002392
-0.002553
-0.002825
-0.003073
-0.003302
-0.003516
-0.003871
-0.004196
-0.004498
-0.004780
-0.005239
-0.005661
-0.006053
-0.006421
-0.007009
-0.007550
-0.008056
-0.008531
-0.009277
-0.009966
-0.010611
-0.011219
-0.012157
-0.013028
-0.013843
-0.014614
-0.015785
-0.016875
-0.017899
-0.018867
-0.020319
-0.021674
-0.022949
-0.024157
-0.025945
-0.027617
-0.029194
-0.030691
-0.032879
-0.034931
-0.036869
-0.038711
-0.041375
-0.043878
-0.046246
-0.048500
-0.051728
-0.054766
-0.057646
-0.060390
-0.064284
-0.067957
-0.071442
-0.074768
-0.079451
-0.083874
-0.088077
-0.092091
-0.097706
-0.103017
-0.108066
-0.112888
-0.119601
-0.125947
-0.131979
-0.137735
-0.145032
-0.151946
-0.158521
-0.164791
-0.172264
-0.179337
-0.186042
-0.192402
-0.199518
-0.206194
-0.212442
-0.218269
-0.224233
-0.229677
-0.234590
-0.238956
-0.242840
-0.246099
-0.248702
-0.250619
-0.251786
-0.252264
-0.252036
-0.251093
-0.249515
-0.247297
-0.244465
-0.241060
-0.236743
-0.231880
-0.226555
-0.220849
-0.211564
-0.201822
-0.191826
-0.181732
-0.172769
-0.163883
-0.155123
-0.146527
-0.135775
-0.125387
-0.115400
-0.105841
-0.095010
-0.084844
-0.075356
-0.066553
-0.056883
-0.048176
-0.040410
-0.033560
-0.027329
-0.022065
-0.017771
-0.014467
-0.012371
-0.011166
-0.010919
-0.011712
-0.013378
-0.016034
-0.019764
-0.024664
-0.030246
-0.036960
-0.044873
-0.054043
-0.064683
-0.076682
-0.090002
-0.104531
-0.114850
-0.125519
-0.136400
-0.147309
-0.158026
-0.168282
-0.177795
-0.186297
-0.192221
-0.197253
-0.201348
-0.204500
-0.206637
-0.208015
-0.208694
-0.208741
-0.208193
-0.207104
-0.205536
-0.203542
-0.201382
-0.198931
-0.196213
-0.193250
-0.189764
-0.186025
-0.182049
-0.177850
-0.172824
-0.167541
-0.162013
-0.156254
-0.149304
-0.142078
-0.134593
-0.126867
-0.117485
-0.107828
-0.097927
-0.087816
-0.075444
-0.062881
-0.050189
-0.037430
-0.022030
-0.006727
0.008381
0.023203
0.041784
0.059605
0.076548
0.092524
0.106653
0.119840
0.132072
0.143353
0.151805
0.159654
0.166918
0.173614
0.179451
0.184816
0.189726
0.194201
0.198236
0.201879
0.205149
0.208065
0.210686
0.212975
0.214949
0.216624
0.218063
0.219212
0.220086
0.220700
0.221080
0.221196
0.221063
0.220691
0.220039
0.219135
0.217991
0.216615
0.214859
0.212848
0.210590
0.208093
0.205058
0.201749
0.198174
0.194340
0.189755
0.184867
0.179686
0.174222
0.167742
0.160932
0.153810
0.146391
0.137560
0.128390
0.118909
0.109143
0.096964
0.084455
0.071659
0.058618
0.046823
0.034890
0.022840
0.010694
-0.001532
-0.013824
-0.026167
-0.038554
-0.050604
-0.062680
-0.074778
-0.086893
-0.098997
-0.111115
-0.123243
-0.135383
-0.147795
-0.160217
-0.172650
-0.185093
-0.197974
-0.210867
-0.223771
-0.236686
-0.250157
-0.263641
-0.277136
-0.290642
-0.304786
-0.318940
-0.333103
-0.347274
-0.362132
-0.376994
-0.391858
-0.406722
-0.422291
-0.437854
-0.453405
-0.468943
-0.485189
-0.501410
-0.517601
-0.533757
-0.550639
-0.567471
-0.584246
-0.600959
-0.618471
-0.635899
-0.653234
-0.670468
-0.688691
-0.706780
-0.724727
-0.742522
-0.747653
-0.752770
-0.757874
-0.762962
_
0.000000
-0.000000
-0.000000
-0.000000
-0.000000
-0.000000
-0.000000
-0.000000
-0.000000
-0.000000
-0.000000
-0.000000
-0.000000
-0.000000
-0.000000
-0.000000
-0.000000
-0.000000
-0.000000
-0.000000
-0.000000
-0.000000
-0.000000
-0.000000
-0.000000
-0.000000
-0.000000
-0.000000
-0.000000
-0.000000
-0.000000
-0.000000
-0.000000
-0.000000
-0.000000
-0.000000
-0.000000
-0.000000
-0.000000
-0.000000
-0.000000
-0.000000
-0.000000
-0.000000
-0.000000
-0.000000
-0.000000
-0.000000
-0.000000
-0.000000
-0.000000
-0.000000
-0.000000
-0.000000
-0.000000
-0.000000
-0.000000
-0.000000
-0.000000
-0.000000
-0.000000
-0.000000
-0.000000
-0.000000
-0.000000
-0.000000
-0.000000
-0.000000
-0.000000
-0.000000
-0.000000
-0.000000
-0.000000
-0.000000
-0.000000
-0.000000
-0.000000
-0.000000
-0.000000
-0.000000
-0.000000
-0.000000
-0.000000
-0.000000
-0.000000
-0.000000
-0.000000
-0.000000
-0.000000
-0.000000
-0.000000
-0.000000
-0.000000
-0.000000
-0.000000
-0.000000
-0.000000
-0.000000
-0.000000
-0.000000
-0.000000
-0.000000
-0.000000
-0.000000
-0.000000
-0.000001
-0.000001
-0.000001
-0.000001
-0.000001
-0.000001
-0.000002
-0.000002
-0.000002
-0.000003
-0.000003
-0.000004
-0.000005
-0.000006
-0.000006
-0.000007
-0.000009
-0.000010
-0.000012
-0.000013
-0.000016
-0.000019
-0.000022
-0.000024
-0.000030
-0.000035
-0.000039
-0.000043
-0.000054
-0.000062
-0.000070
-0.000077
-0.000094
-0.000109
-0.000122
-0.000133
-0.000167
-0.000194
-0.000218
-0.000239
-0.000283
-0.000320
-0.000353
-0.000384
-0.000458
-0.000521
-0.000577
-0.000629
-0.000747
-0.000849
-0.000940
-0.001023
-0.001194
-0.001343
-0.001477
-0.001600
-0.001827
-0.002028
-0.002211
-0.002381
-0.002686
-0.002959
-0.003209
-0.003442
-0.003854
-0.004226
-0.004567
-0.004885
-0.005436
-0.005935
-0.006395
-0.006825
-0.007552
-0.008214
-0.008827
-0.009400
-0.010349
-0.011217
-0.012023
-0.012779
-0.014005
-0.015132
-0.016181
-0.017166
-0.018736
-0.020183
-0.021534
-0.022805
-0.024797
-0.026639
-0.028362
-0.029987
-0.032493
-0.034818
-0.036997
-0.039055
-0.042182
-0.045092
-0.047825
-0.050409
-0.054283
-0.057897
-0.061297
-0.064518
-0.069283
-0.073738
-0.077937
-0.081920
-0.087741
-0.093195
-0.098343
-0.103233
-0.110299
-0.116931
-0.123200
-0.129160
-0.137684
-0.145696
-0.153279
-0.160493
-0.170712
-0.180330
-0.189439
-0.198110
-0.210290
-0.221761
-0.232628
-0.242974
-0.257401
-0.270988
-0.283857
-0.296103
-0.313074
-0.329044
-0.344152
-0.358511
-0.376640
-0.393747
-0.409963
-0.425390
-0.443752
-0.461136
-0.477649
-0.493381
-0.511116
-0.527956
-0.543987
-0.559279
-0.575425
-0.590809
-0.605488
-0.619516
-0.633265
-0.646417
-0.659009
-0.671073
-0.682212
-0.692911
-0.703191
-0.713071
-0.722202
-0.730992
-0.739454
-0.747601
-0.756161
-0.764370
-0.772242
-0.779787
-0.790726
-0.800969
-0.810551
-0.819507
-0.826972
-0.833987
-0.840572
-0.846747
-0.854099
-0.860837
-0.866991
-0.872593
-0.878599
-0.883899
-0.888535
-0.892544
-0.896577
-0.899814
-0.902306
-0.904100
-0.905281
-0.905790
-0.905671
-0.904965
-0.903855
-0.902325
-0.900399
-0.898100
-0.895752
-0.893140
-0.890279
-0.887184
-0.884163
-0.880968
-0.877610
-0.874098
-0.870387
-0.866541
-0.862569
-0.858485
-0.855689
-0.852850
-0.849973
-0.847060
-0.844113
-0.841136
-0.838129
-0.835093
-0.832637
-0.830163
-0.827670
-0.825159
-0.822774
-0.820372
-0.817953
-0.815515
-0.812965
-0.810396
-0.807808
-0.805200
-0.802796
-0.800376
-0.797941
-0.795491
-0.792807
-0.790106
-0.787389
-0.784656
-0.781533
-0.778392
-0.775232
-0.772055
-0.768352
-0.764629
-0.760887
-0.757127
-0.752679
-0.748210
-0.743725
-0.739225
-0.733805
-0.728372
-0.722931
-0.717487
-0.710918
-0.704358
-0.697814
-0.691292
-0.682917
-0.674603
-0.666360
-0.658197
-0.650580
-0.643048
-0.635605
-0.628257
-0.622375
-0.616558
-0.610808
-0.605126
-0.599807
-0.594550
-0.589357
-0.584226
-0.579193
-0.574223
-0.569317
-0.564475
-0.559613
-0.554818
-0.550091
-0.545431
-0.540668
-0.535978
-0.531361
-0.526817
-0.522099
-0.517463
-0.512909
-0.508438
-0.503726
-0.499109
-0.494588
-0.490161
-0.485436
-0.480823
-0.476324
-0.471938
-0.467210
-0.462619
-0.458166
-0.453848
-0.449177
-0.444674
-0.440337
-0.436164
-0.431658
-0.427355
-0.423253
-0.419349
-0.415120
-0.411139
-0.407402
-0.403904
-0.399974
-0.396374
-0.393093
-0.390119
-0.387718
-0.385542
-0.383585
-0.381836
-0.380288
-0.378931
-0.377759
-0.376762
-0.375954
-0.375297
-0.374783
-0.374405
-0.374157
-0.374032
-0.374023
-0.374125
-0.374338
-0.374654
-0.375068
-0.375576
-0.376193
-0.376900
-0.377690
-0.378561
-0.379548
-0.380612
-0.381750
-0.382957
-0.384290
-0.385691
-0.387157
-0.388683
-0.390346
-0.392069
-0.393850
-0.395687
-0.397668
-0.399705
-0.401795
-0.403937
-0.406232
-0.408580
-0.410978
-0.413426
-0.416041
-0.418707
-0.421422
-0.424186
-0.427146
-0.430156
-0.433216
-0.436325
-0.439685
-0.443098
-0.446561
-0.450073
-0.451101
-0.452133
-0.453168
-0.454208
_
0.000000
0.000000
0.000000
-0.000000
-0.000000
-0.000000
-0.000000
-0.000000
-0.000000
-0.000000
-0.000000
-0.000000
-0.000000
-0.000000
-0.000000
-0.000000
-0.000000
-0.000000
-0.000000
-0.000000
-0.000000
-0.000000
-0.000000
-0.000000
-0.000000
-0.000000
-0.000000
-0.000000
-0.000000
-0.000000
-0.000000
-0.000000
-0.000000
-0.000000
-0.000000
-0.000000
-0.000000
-0.000000
-0.000000
-0.000000
-0.000000
-0.000000
-0.000000
-0.000000
-0.000000
-0.000000
-0.000000
-0.000000
-0.000000
-0.000000
-0.000000
-0.000000
-0.000000
-0.000000
-0.000000
-0.000000
-0.000000
-0.000000
-0.000000
-0.000000
-0.000000
-0.000001
-0.000003
-0.000004
-0.000004
-0.000004
-0.000004
-0.000004
-0.000004
-0.000004
-0.000004
-0.000004
-0.000004
-0.000004
-0.000004
-0.000004
-0.000003
-0.000003
-0.000003
-0.000003
-0.000003
-0.000003
-0.000002
-0.000002
-0.000002
-0.000002
-0.000001
-0.000001
-0.000001
-0.000001
-0.000001
-0.000001
-0.000001
-0.000001
-0.000000
-0.000000
-0.000000
-0.000000
-0.000000
-0.000000
-0.000000
-0.000000
-0.000000
-0.000000
-0.000000
-0.000000
-0.000000
-0.000000
-0.000000
-0.000000
-0.000001
-0.000001
-0.000001
-0.000001
-0.000001
-0.000001
-0.000001
-0.000002
-0.000002
-0.000002
-0.000003
-0.000003
-0.000004
-0.000004
-0.000005
-0.000006
-0.000007
-0.000008
-0.000009
-0.000011
-0.000013
-0.000014
-0.000016
-0.000020
-0.000023
-0.000026
-0.000028
-0.000034
-0.000040
-0.000044
-0.000049
-0.000061
-0.000071
-0.000079
-0.000087
-0.000103
-0.000117
-0.000129
-0.000140
-0.000167
-0.000190
-0.000211
-0.000229
-0.000273
-0.000310
-0.000343
-0.000373
-0.000436
-0.000490
-0.000539
-0.000584
-0.000667
-0.000741
-0.000808
-0.000870
-0.000981
-0.001082
-0.001173
-0.001258
-0.001410
-0.001546
-0.001671
-0.001788
-0.001990
-0.002174
-0.002344
-0.002502
-0.002770
-0.003014
-0.003240
-0.003452
-0.003803
-0.004125
-0.004424
-0.004705
-0.005161
-0.005581
-0.005973
-0.006341
-0.006929
-0.007472
-0.007980
-0.008459
-0.009212
-0.009910
-0.010565
-0.011184
-0.012142
-0.013033
-0.013872
-0.014666
-0.015879
-0.017012
-0.018080
-0.019095
-0.020624
-0.022058
-0.023415
-0.024707
-0.026631
-0.028442
-0.030161
-0.031802
-0.034219
-0.036504
-0.038680
-0.040763
-0.043802
-0.046688
-0.049444
-0.052092
-0.055924
-0.059578
-0.063082
-0.066459
-0.071317
-0.075970
-0.080452
-0.084787
-0.090996
-0.096975
-0.102763
-0.108387
-0.116425
-0.124213
-0.131795
-0.139204
-0.149802
-0.160146
-0.170287
-0.180264
-0.193363
-0.206279
-0.219057
-0.231732
-0.247530
-0.263257
-0.278952
-0.294642
-0.313268
-0.331953
-0.350721
-0.369586
-0.390605
-0.411758
-0.433037
-0.454420
-0.476412
-0.498427
-0.520392
-0.542215
-0.562981
-0.583394
-0.603321
-0.622622
-0.640436
-0.657409
-0.673429
-0.688406
-0.703510
-0.717241
-0.729592
-0.740595
-0.754954
-0.766595
-0.775843
-0.783024
-0.787926
-0.791627
-0.794292
-0.796065
-0.797231
-0.797353
-0.796619
-0.795191
-0.792761
-0.789733
-0.786276
-0.782532
-0.777820
-0.773017
-0.768234
-0.763534
-0.758714
-0.753996
-0.749326
-0.744623
-0.740261
-0.735696
-0.730831
-0.725568
-0.720455
-0.714885
-0.708809
-0.702195
-0.695671
-0.688704
-0.681343
-0.673679
-0.665732
-0.657834
-0.650302
-0.643573
-0.639786
-0.636821
-0.634914
-0.634317
-0.635285
-0.638055
-0.642784
-0.649522
-0.656339
-0.664290
-0.673218
-0.682933
-0.692625
-0.702667
-0.712916
-0.723254
-0.733979
-0.744624
-0.755141
-0.765498
-0.774831
-0.784018
-0.793061
-0.801968
-0.811520
-0.820936
-0.830229
-0.839415
-0.849733
-0.859951
-0.870085
-0.880152
-0.891756
-0.903309
-0.914829
-0.926329
-0.939864
-0.953402
-0.966954
-0.980525
-0.996858
-1.013224
-1.029619
-1.046033
-1.065852
-1.085650
-1.105398
-1.125059
-1.150260
-1.175194
-1.199802
-1.224038
-1.246522
-1.268625
-1.290340
-1.311664
-1.328657
-1.345405
-1.361916
-1.378199
-1.393422
-1.408458
-1.423316
-1.438006
-1.452440
-1.466723
-1.480861
-1.494860
-1.508969
-1.522944
-1.536786
-1.550500
-1.564591
-1.578544
-1.592359
-1.606032
-1.620316
-1.634436
-1.648388
-1.662166
-1.676767
-1.691153
-1.705315
-1.719244
-1.734181
-1.748818
-1.763144
-1.777147
-1.792270
-1.806969
-1.821231
-1.835043
-1.849950
-1.864265
-1.877974
-1.891066
-1.905065
-1.918258
-1.930636
-1.942196
-1.954417
-1.965567
-1.975651
-1.984683
-1.994241
-2.002316
-2.008954
-2.014205
-2.017763
-2.020308
-2.021884
-2.022536
-2.022309
-2.021247
-2.019394
-2.016792
-2.013591
-2.009759
-2.005330
-2.000338
-1.994825
-1.988810
-1.982320
-1.975380
-1.967853
-1.959907
-1.951564
-1.942846
-1.933456
-1.923707
-1.913620
-1.903213
-1.892046
-1.880571
-1.868803
-1.856762
-1.843886
-1.830744
-1.817355
-1.803734
-1.789227
-1.774500
-1.759570
-1.744451
-1.728427
-1.712231
-1.695880
-1.679392
-1.661999
-1.644491
-1.626885
-1.609197
-1.590600
-1.571952
-1.553272
-1.534578
-1.514911
-1.495269
-1.475673
-1.456145
-1.435456
-1.414889
-1.394466
-1.374209
-1.368368
-1.362543
-1.356735
-1.350945
_
0.000000
0.000000
0.000000
0.000000
0.000000
0.000000
0.000000
0.000000
0.000000
0.000000
0.000000
0.000000
0.000000
0.000000
0.000000
0.000000
0.000000
0.000000
0.000000
0.000000
0.000000
0.000000
0.000000
0.000000
0.000000
0.000000
0.000000
0.000000
0.000000
0.000000
0.000000
0.000000
0.000000
0.000000
0.000000
0.000000
0.000000
0.000000
0.000000
0.000000
0.000000
0.000000
0.000000
0.000000
0.000000
0.000000
0.000000
0.000000
0.000000
0.000000
0.000000
0.000000
0.000000
0.000000
0.000000
0.000000
0.000000
0.000000
0.000000
0.000000
0.000000
-0.000000
-0.000000
-0.000000
-0.000000
-0.000000
-0.000000
-0.000000
-0.000000
-0.000000
-0.000000
-0.000000
-0.000000
-0.000000
-0.000000
-0.000000
-0.000000
-0.000000
-0.000000
-0.000000
-0.000000
-0.000000
-0.000000
-0.000000
-0.000000
-0.000000
-0.000000
-0.000000
-0.000000
-0.000000
-0.000000
-0.000000
-0.000000
-0.000000
-0.000000
-0.000000
-0.000000
-0.000000
-0.000000
-0.000000
-0.000000
-0.000000
-0.000000
-0.000000
-0.000000
-0.000000
-0.000000
-0.000000
-0.000000
-0.000001
-0.000001
-0.000001
-0.000001
-0.000001
-0.000001
-0.000002
-0.000002
-0.000002
-0.000003
-0.000003
-0.000004
-0.000004
-0.000005
-0.000006
-0.000007
-0.000008
-0.000010
-0.000011
-0.000012
-0.000015
-0.000018
-0.000020
-0.000022
-0.000027
-0.000032
-0.000035
-0.000039
-0.000048
-0.000055
-0.000062
-0.000067
-0.000084
-0.000098
-0.000110
-0.000121
-0.000143
-0.000162
-0.000179
-0.000194
-0.000232
-0.000264
-0.000292
-0.000318
-0.000378
-0.000430
-0.000476
-0.000518
-0.000604
-0.000680
-0.000747
-0.000810
-0.000924
-0.001026
-0.001119
-0.001204
-0.001358
-0.001497
-0.001623
-0.001740
-0.001949
-0.002136
-0.002309
-0.002469
-0.002747
-0.002999
-0.003231
-0.003447
-0.003813
-0.004147
-0.004455
-0.004743
-0.005220
-0.005657
-0.006061
-0.006440
-0.007055
-0.007620
-0.008145
-0.008637
-0.009422
-0.010144
-0.010818
-0.011451
-0.012442
-0.013358
-0.014213
-0.015018
-0.016258
-0.017407
-0.018481
-0.019494
-0.021031
-0.022458
-0.023795
-0.025058
-0.026945
-0.028701
-0.030348
-0.031905
-0.034201
-0.036340
-0.038350
-0.040250
-0.043018
-0.045599
-0.048026
-0.050321
-0.053623
-0.056706
-0.059605
-0.062347
-0.066246
-0.069886
-0.073309
-0.076545
-0.081095
-0.085340
-0.089327
-0.093092
-0.098329
-0.103205
-0.107774
-0.112078
-0.118001
-0.123494
-0.128618
-0.133421
-0.139954
-0.145966
-0.151526
-0.156690
-0.163032
-0.168823
-0.174127
-0.178993
-0.184537
-0.189517
-0.193980
-0.197967
-0.202119
-0.205685
-0.208697
-0.211179
-0.213329
-0.214866
-0.215799
-0.216132
-0.215848
-0.214928
-0.213363
-0.211148
-0.208393
-0.205025
-0.201046
-0.196464
-0.191510
-0.186040
-0.180086
-0.173687
-0.166231
-0.158356
-0.150122
-0.141583
-0.128040
-0.114032
-0.099652
-0.084953
-0.071632
-0.058076
-0.044279
-0.030223
-0.011759
0.007220
0.026775
0.046968
0.072021
0.098186
0.125569
0.154270
0.190602
0.229124
0.269975
0.313286
0.361528
0.412750
0.467083
0.524657
0.579516
0.637212
0.697833
0.761464
0.820890
0.882827
0.947318
1.014398
1.077981
1.143756
1.211717
1.281840
1.355204
1.430664
1.508054
1.587102
1.640824
1.694922
1.749144
1.803158
1.856548
1.908785
1.959276
2.007381
2.043828
2.078046
2.109829
2.139055
2.164233
2.187159
2.207933
2.226690
2.244209
2.259927
2.274034
2.286713
2.297214
2.306776
2.315504
2.323493
2.331447
2.338717
2.345385
2.351521
2.357925
2.363801
2.369217
2.374231
2.379604
2.384570
2.389184
2.393495
2.398243
2.402688
2.406881
2.410866
2.415432
2.419810
2.424048
2.428188
2.433103
2.437977
2.442849
2.447748
2.454145
2.460648
2.467266
2.473995
2.480428
2.486925
2.493467
2.500026
2.505335
2.510626
2.515885
2.521099
2.525985
2.530809
2.535562
2.540235
2.544790
2.549250
2.553607
2.557857
2.562065
2.566149
2.570105
2.573928
2.577752
2.581425
2.584947
2.588315
2.591702
2.594915
2.597954
2.600819
2.603704
2.606390
2.608881
2.611178
2.613470
2.615541
2.617394
2.619037
2.620616
2.621952
2.623051
2.623923
2.624639
2.625093
2.625296
2.625261
2.624951
2.624371
2.623536
2.622463
2.620966
2.619202
2.617195
2.614969
2.612007
2.608794
2.605363
2.601748
2.598398
2.594946
2.591411
2.587810
2.584156
2.580463
2.576742
2.573003
2.569366
2.565725
2.562086
2.558453
2.554837
2.551233
2.547643
2.544067
2.540431
2.536812
2.533210
2.529625
2.525933
2.522259
2.518599
2.514954
2.511170
2.507399
2.503639
2.499889
2.495974
2.492067
2.488165
2.484267
2.480184
2.476103
2.472021
2.467937
2.463654
2.459366
2.455072
2.450769
2.446255
2.441731
2.437195
2.432646
2.427868
2.423075
2.418267
2.413445
2.408355
2.403249
2.398128
2.392994
2.387515
2.382024
2.376521
2.371010
2.369410
2.367809
2.366208
2.364607
_
0.000000
0.000000
0.000000
0.000000
0.000000
0.000000
0.000000
0.000000
0.000000
0.000000
0.000000
0.000000
0.000000
0.000000
0.000000
0.000000
0.000000
0.000000
0.000000
0.000000
0.000000
0.000000
0.000000
0.000000
0.000000
0.000000
0.000000
0.000000
0.000000
0.000000
0.000000
0.000000
0.000000
0.000000
0.000000
0.000000
0.000000
0.000000
0.000000
0.000000
0.000000
0.000000
0.000000
0.000000
0.000000
0.000000
0.000000
0.000000
0.000000
0.000000
0.000000
0.000000
0.000000
0.000000
0.000000
0.000000
0.000000
0.000000
0.000000
0.000000
0.000000
0.000000
0.000000
0.000000
0.000000
0.000000
0.000000
0.000000
0.000000
0.000000
0.000000
0.000000
0.000000
0.000000
0.000000
0.000000
0.000000
0.000000
0.000000
0.000000
0.000000
0.000000
0.000000
0.000000
0.000000
0.000000
0.000000
0.000000
0.000000
0.000000
0.000000
0.000000
0.000000
0.000000
0.000000
0.000000
0.000000
0.000000
0.000000
0.000000
0.000000
0.000000
0.000000
0.000000
0.000000
0.000000
0.000000
0.000000
0.000000
0.000000
0.000000
0.000000
0.000000
0.000000
0.000000
0.000000
0.000000
0.000000
0.000000
0.000000
0.000000
0.000000
0.000000
0.000000
0.000000
0.000000
0.000000
0.000000
0.000000
0.000000
0.000000
0.000000
0.000000
0.000000
0.000000
0.000000
0.000000
0.000000
0.000000
0.000000
0.000000
0.000000
0.000000
0.000000
0.000000
0.000000
0.000000
0.000000
0.000000
0.000000
0.000000
0.000000
0.000000
0.000000
0.000000
0.000000
0.000000
0.000000
0.000000
0.000000
0.000000
0.000000
0.000000
0.000000
0.000000
0.000000
0.000000
0.000000
0.000000
0.000000
0.000000
0.000000
0.000000
0.000000
0.000000
0.000000
0.000000
0.000000
0.000000
0.000000
0.000000
0.000000
0.000000
0.000000
0.000000
0.000000
0.000000
0.000000
0.000000
0.000000
0.000000
0.000000
0.000000
0.000000
0.000000
0.000000
0.000000
0.000000
0.000000
0.000000
0.000000
0.000000
0.000000
0.000000
0.000000
0.000000
0.000000
0.000000
0.000000
0.000000
0.000000
0.000000
0.000000
0.000000
0.000000
0.000000
0.000000
0.000000
0.000000
0.000000
0.000000
0.000000
0.000000
0.000000
0.000000
0.000000
0.000000
0.000000
0.000000
0.000000
0.000000
0.000000
0.000000
0.000000
0.000000
0.000000
0.000000
0.000000
0.000000
0.000000
0.000000
0.000000
0.000000
0.000000
0.000000
0.000000
0.000000
0.000000
0.000000
0.000000
0.000000
0.000000
0.000000
0.000000
0.000000
0.000000
0.000000
0.000000
0.000000
0.000000
0.000000
0.000000
0.000000
0.000000
0.000000
0.000000
0.000000
0.000000
0.000000
0.000000
0.000000
0.000000
0.000000
0.000000
0.000000
0.000000
0.000000
0.000000
0.000000
0.000000
0.000000
0.000000
0.000000
0.000000
0.000000
0.000000
0.000000
0.000000
0.000000
0.000000
0.000000
0.000000
0.000000
0.000000
0.000000
0.000000
0.000000
0.000000
0.000000
0.000000
0.000000
0.000000
0.000000
0.000000
0.000000
0.000000
0.000000
0.000000
0.000000
0.000000
0.000000
0.000000
0.000000
0.000000
0.000000
0.000000
0.000000
0.000000
0.000000
0.000000
0.000000
0.000000
0.000000
0.000000
0.000000
0.000000
0.000000
0.000000
0.000000
0.000000
0.000000
0.000000
0.000000
0.000000
0.000000
0.000000
0.000000
0.000000
0.000000
0.000000
0.000000
0.000000
0.000000
0.000000
0.000000
0.000000
0.000000
0.000000
0.000000
0.000000
0.000000
0.000000
0.000000
0.000000
0.000000
0.000000
0.000000
0.000000
0.000000
0.000000
0.000000
0.000000
0.000000
0.000000
0.000000
0.000000
0.000000
0.000000
0.000000
0.000000
0.000000
0.000000
0.000000
0.000000
0.000000
0.000000
0.000000
0.000000
0.000000
0.000000
0.000000
0.000000
0.000000
0.000000
0.000000
0.000000
0.000000
0.000000
0.000000
0.000000
0.000000
0.000000
0.000000
0.000000
0.000000
0.000000
0.000000
0.000000
0.000000
0.000000
0.000000
0.000000
0.000000
0.000000
0.000000
0.000000
0.000000
0.000000
0.000000
0.000000
0.000000
0.000000
0.000000
0.000000
0.000000
0.000000
0.000000
0.000000
0.000000
0.000000
0.000000
0.000000
0.000000
0.000000
0.000000
0.000000
0.000000
0.000000
0.000000
0.000000
0.000000
0.000000
0.000000
0.000000
0.000000
0.000000
0.000000
0.000000
0.000000
0.000000
0.000000
0.000000
0.000000
0.000000
0.000000
0.000000
0.000000
0.000000
0.000000
0.000000
0.000000
0.000000
0.000000
0.000000
0.000000
0.000000
0.000000
0.000000
0.000000
0.000000
0.000000
0.000000
0.000000
0.000000
0.000000
0.000000
0.000000
0.000000
0.000000
0.000000
0.000000
0.000000
0.000000
0.000000
0.000000
0.000000
0.000000
0.000000
0.000000
0.000000
0.000000
_
