0.000000
0.000000
0.000000
0.000000
0.000000
0.000000
0.000000
0.000000
0.000000
0.000000
0.000000
0.000000
0.000000
0.000000
0.000000
0.000000
0.000000
0.000000
0.000000
0.000000
0.000000
0.000000
0.000000
0.000000
0.000000
0.000000
0.000000
0.000000
0.000000
0.000000
0.000000
0.000000
0.000000
0.000000
0.000000
0.000000
0.000000
0.000000
0.000000
0.000000
0.000000
0.000000
0.000000
0.000000
0.000000
0.000000
0.000000
0.000000
0.000000
0.000000
0.000000
0.000000
0.000000
0.000000
0.000000
0.000000
0.000000
0.000000
0.000000
0.000000
0.000000
0.000000
0.000000
0.000000
0.000000
0.000000
0.000000
0.000000
0.000000
0.000000
0.000000
0.000000
0.000000
0.000000
0.000000
0.000000
0.000000
0.000000
0.000000
0.000000
0.000000
0.000000
0.000000
0.000000
0.000000
0.000000
0.000000
0.000000
0.000000
0.000000
0.000000
0.000000
0.000000
0.000000
0.000000
0.000000
0.000000
0.000000
0.000000
0.000000
0.000000
0.000000
0.000000
0.000000
0.000000
0.000000
0.000000
0.000000
0.000000
0.000000
0.000000
0.000000
0.000000
0.000000
0.000000
0.000000
0.000000
0.000000
0.000000
0.000000
0.000000
0.000000
0.000000
0.000000
0.000000
0.000000
0.000000
0.000000
0.000000
0.000000
0.000000
0.000000
0.000000
0.000000
0.000000
0.000000
0.000000
0.000000
0.000000
0.000000
0.000000
0.000000
0.000000
0.000000
0.000000
0.000000
0.000000
0.000000
0.000000
0.000000
0.000000
0.000000
0.000000
0.000000
0.000000
0.000000
0.000000
0.000000
0.000001
0.000001
0.000001
0.000001
0.000001
0.000001
0.000002
0.000002
0.000003
0.000003
0.000003
0.000004
0.000005
0.000006
0.000007
0.000009
0.000010
0.000012
0.000014
0.000017
0.000020
0.000023
0.000026
0.000031
0.000037
0.000042
0.000048
0.000057
0.000067
0.000076
0.000086
0.000102
0.000119
0.000135
0.000152
0.000179
0.000207
0.000235
0.000262
0.000308
0.000354
0.000400
0.000445
0.000519
0.000594
0.000668
0.000742
0.000861
0.000979
0.001098
0.001216
0.001403
0.001589
0.001776
0.001962
0.002252
0.002542
0.002831
0.003121
0.003564
0.004008
0.004451
0.004895
0.005567
0.006238
0.006910
0.007582
0.008588
0.009594
0.010601
0.011607
0.013101
0.014595
0.016089
0.017583
0.019785
0.021986
0.024188
0.026389
0.029616
0.032842
0.036068
0.039295
0.043597
0.047900
0.052203
0.056506
0.061903
0.067300
0.072697
0.078094
0.084491
0.090888
0.097285
0.103683
0.110768
0.117853
0.124939
0.132024
0.139287
0.146550
0.153813
0.161077
0.168066
0.175056
0.182046
0.189036
0.195752
0.202467
0.209182
0.215898
0.223241
0.230584
0.237927
0.245271
0.256504
0.267737
0.278971
0.290204
0.300195
0.310185
0.320176
0.330166
0.342995
0.355824
0.368653
0.381481
0.396810
0.412138
0.427467
0.442795
0.461197
0.479600
0.498002
0.516405
0.535721
0.555038
0.574355
0.593672
0.611108
0.628545
0.645982
0.663418
0.678988
0.694558
0.710128
0.725698
0.739926
0.754155
0.768383
0.782611
0.797058
0.811505
0.825952
0.840399
0.850085
0.859770
0.869455
0.879140
0.888825
0.898510
0.908196
0.917881
0.925654
0.933427
0.941200
0.948973
0.956300
0.963627
0.970955
0.978282
0.985890
0.993497
1.001105
1.008712
1.015678
1.022644
1.029610
1.036576
1.044160
1.051743
1.059327
1.066911
1.075523
1.084135
1.092748
1.101360
1.111342
1.121325
1.131308
1.141291
1.153049
1.164808
1.176566
1.188325
1.202448
1.216572
1.230696
1.244819
1.261866
1.278912
1.295959
1.313006
1.335011
1.357017
1.379022
1.401027
1.421782
1.442536
1.463291
1.484045
1.500858
1.517671
1.534484
1.551297
1.567222
1.583147
1.599073
1.614998
1.630819
1.646640
1.662461
1.678281
1.694382
1.710483
1.726584
1.742685
1.759390
1.776094
1.792799
1.809504
1.827144
1.844785
1.862425
1.880066
1.899018
1.917971
1.936924
1.955877
1.976577
1.997278
2.017979
2.038680
2.061612
2.084545
2.107477
2.130410
2.156069
2.181728
2.207387
2.233047
2.261958
2.290869
2.319780
2.348691
2.381777
2.414863
2.447949
2.481036
2.521132
2.561228
2.601324
2.641421
2.677149
2.712878
2.748606
2.784335
2.820064
2.855792
2.891521
2.927250
2.961912
2.996575
3.031238
3.065901
3.100488
3.135074
3.169661
3.204248
3.239580
3.274912
3.310244
3.345576
3.382120
3.418664
3.455208
3.491752
3.529833
3.567915
3.605996
3.644077
3.683924
3.723772
3.763619
3.803466
3.845227
3.886987
3.928747
3.970508
4.014262
4.058015
4.101769
4.145523
4.191328
4.237133
4.282939
4.328744
4.376729
4.424714
4.472699
4.520683
4.571181
4.621679
4.672177
4.722675
4.776418
4.830162
4.883905
4.937648
4.953236
4.968824
4.984412
5.000000
_
0.000000
0.000000
0.000000
0.000000
0.000000
0.000000
0.000000
0.000000
0.000000
0.000000
0.000000
0.000000
0.000000
0.000000
0.000000
0.000000
0.000000
0.000000
0.000000
0.000000
0.000000
0.000000
0.000000
0.000000
0.000000
0.000000
0.000000
0.000000
0.000000
0.000000
0.000000
0.000000
0.000000
0.000000
0.000000
0.000000
0.000000
0.000000
0.000000
0.000000
0.000000
0.000000
0.000000
0.000000
0.000000
0.000000
0.000000
0.000000
0.000000
0.000000
0.000000
0.000000
0.000000
0.000000
0.000000
0.000000
0.000000
0.000000
0.000000
0.000000
0.000000
0.000000
0.000000
0.000000
0.000000
0.000000
0.000000
0.000000
0.000000
0.000000
0.000000
0.000000
0.000000
0.000000
0.000000
0.000000
0.000000
0.000000
0.000000
0.000000
0.000000
0.000000
0.000000
0.000000
0.000000
0.000000
0.000000
0.000000
0.000000
0.000000
0.000000
0.000000
0.000000
0.000000
0.000000
0.000000
0.000000
0.000000
0.000000
0.000000
0.000000
0.000000
0.000000
0.000000
0.000000
0.000000
0.000000
0.000000
0.000000
0.000000
0.000000
0.000000
0.000000
0.000000
0.000000
0.000000
0.000000
0.000000
0.000000
0.000000
0.000000
0.000000
0.000000
0.000000
0.000000
0.000000
0.000000
0.000000
0.000000
0.000000
0.000000
0.000000
0.000000
0.000000
0.000000
0.000000
0.000000
0.000000
0.000000
0.000000
0.000000
0.000000
0.000000
0.000000
0.000000
0.000000
0.000000
0.000000
0.000000
0.000000
0.000000
0.000000
0.000000
0.000000
0.000000
0.000000
0.000000
0.000000
0.000000
0.000000
0.000000
0.000000
0.000000
0.000000
0.000000
0.000000
0.000000
0.000000
0.000000
0.000000
0.000000
0.000000
0.000000
0.000000
0.000000
0.000000
0.000000
0.000000
0.000000
0.000000
0.000000
0.000000
0.000000
0.000000
0.000000
0.000000
0.000000
0.000000
0.000000
0.000000
0.000000
0.000000
0.000000
0.000000
0.000000
0.000000
0.000000
0.000000
0.000000
0.000000
0.000000
0.000000
0.000000
0.000000
0.000000
0.000000
0.000000
0.000000
0.000000
0.000000
0.000000
0.000000
0.000000
0.000000
0.000000
0.000000
0.000000
0.000000
0.000000
0.000000
0.000000
0.000000
0.000000
0.000000
0.552382
0.559163
0.565755
0.572187
0.578483
0.587634
0.596612
0.605451
0.614178
0.626900
0.639523
0.652091
0.664639
0.683067
0.701624
0.720371
0.739360
0.765154
0.791584
0.818738
0.846698
0.883041
0.920949
0.960578
1.002083
1.053930
1.108912
1.167297
1.229357
1.302697
1.381191
1.465097
1.554564
1.652028
1.755027
1.862873
1.974362
2.083397
2.191853
2.296841
2.394965
2.479372
2.550900
2.606829
2.645218
2.666044
2.665053
2.643843
2.604984
2.518494
2.409175
2.286682
2.158292
2.043206
1.929648
1.819028
1.712163
1.581068
1.457113
1.340250
1.230267
1.107501
0.993726
0.888532
0.791527
0.685304
0.589478
0.503081
0.424980
0.350538
0.282289
0.218655
0.158095
0.104855
0.051942
-0.001535
-0.056348
-0.106945
-0.159463
-0.214123
-0.270998
-0.324817
-0.380130
-0.436447
-0.492964
-0.549277
-0.602564
-0.649910
-0.687082
-0.703444
-0.710384
-0.705341
-0.685635
-0.648851
-0.593466
-0.519625
-0.429787
-0.349386
-0.265234
-0.180962
-0.099875
-0.028653
0.036144
0.093926
0.144708
0.190500
0.229974
0.263975
0.293338
0.316809
0.337541
0.355966
0.372443
0.388510
0.402919
0.415911
0.427670
0.439709
0.450497
0.460148
0.468742
0.477455
0.484878
0.491047
0.495980
0.500218
0.502761
0.503616
0.502793
0.499613
0.494098
0.486331
0.476430
0.461850
0.444690
0.425308
0.404094
0.374656
0.343700
0.312032
0.280367
0.251043
0.222656
0.195518
0.169848
0.150228
0.131710
0.114316
0.098048
0.083663
0.070251
0.057782
0.046221
0.035593
0.025777
0.016730
0.008405
0.000628
-0.006494
-0.013008
-0.018958
-0.024581
-0.029691
-0.034329
-0.038537
-0.042557
-0.046183
-0.049454
-0.052404
-0.055256
-0.057812
-0.060107
-0.062170
-0.064188
-0.065991
-0.067603
-0.069047
-0.070475
-0.071743
-0.072869
-0.073869
-0.074855
-0.075713
-0.076455
-0.077090
-0.077688
-0.078168
-0.078539
-0.078807
-0.078996
-0.079068
-0.079031
-0.078896
-0.078617
-0.078232
-0.077761
-0.077228
-0.076719
-0.076193
-0.075665
-0.075148
-0.074652
-0.074188
-0.073764
-0.073386
-0.073066
-0.072797
-0.072579
-0.072414
-0.072300
-0.072236
-0.072221
-0.072252
-0.072328
-0.072446
-0.072603
-0.072796
-0.073028
-0.073290
-0.073578
-0.073889
-0.074233
-0.074594
-0.074968
-0.075351
-0.075759
-0.076170
-0.076582
-0.076991
-0.077414
-0.077829
-0.078232
-0.078622
-0.079013
-0.079386
-0.079737
-0.080066
-0.080383
-0.080672
-0.080931
-0.081159
-0.081363
-0.081530
-0.081660
-0.081752
-0.081806
-0.081816
-0.081781
-0.081701
-0.081567
-0.081380
-0.081143
-0.080853
-0.080760
-0.080662
_
0.000000
0.000000
0.000000
0.000000
0.000000
0.000000
0.000000
0.000000
0.000000
0.000000
0.000000
0.000000
0.000000
0.000000
0.000000
0.000000
0.000000
0.000000
0.000000
0.000000
0.000000
0.000000
0.000000
0.000000
0.000000
0.000000
0.000000
0.000000
0.000000
0.000000
0.000000
0.000000
0.000000
0.000000
0.000000
0.000000
0.000000
0.000000
0.000000
0.000000
0.000000
0.000000
0.000000
0.000000
0.000000
0.000000
0.000000
0.000000
0.000000
0.000000
0.000000
0.000000
0.000000
0.000000
0.000000
0.000000
0.000000
0.000000
0.000000
0.000000
0.000000
0.000000
0.000000
0.000000
0.000000
0.000000
0.000000
0.000000
0.000000
0.000000
0.000000
0.000000
0.000000
0.000000
0.000000
0.000000
0.000000
0.000000
0.000000
0.000000
0.000000
0.000000
0.000000
0.000000
0.000000
0.000000
0.000000
0.000000
0.000000
0.000000
0.000000
0.000000
0.000000
0.000000
0.000000
0.000000
0.000000
0.000000
0.000000
0.000000
0.000000
0.000000
0.000000
0.000000
0.000000
0.000000
0.000000
0.000000
0.000000
0.000000
0.000000
0.000000
0.000000
0.000000
0.000000
0.000000
0.000000
0.000000
0.000000
0.000000
0.000000
0.000000
0.000000
0.000000
0.000000
0.000000
0.000000
0.000000
0.000000
0.000000
0.000000
0.000000
0.000000
0.000000
0.000000
0.000000
0.000000
0.000000
0.000000
0.000000
0.000000
0.000000
0.000000
0.000000
0.000000
0.000000
0.000000
0.000000
0.000000
0.000000
0.000000
0.000000
0.000000
0.000000
0.000000
0.000000
0.000000
0.000000
0.000000
0.000000
0.000000
0.000000
0.000000
0.000000
0.000000
0.000000
0.000000
0.000000
0.000000
0.000000
0.000000
0.000000
0.000000
0.000000
0.000000
0.000000
0.000000
0.000000
0.000000
0.000000
0.000000
0.000000
0.000000
0.000000
0.000000
0.000000
0.000000
0.000000
0.000000
0.000000
0.000000
0.000000
0.000000
0.000000
0.000000
0.000000
0.000000
0.000000
0.000000
0.000000
0.000000
0.000000
0.000000
0.000000
0.000000
0.000000
0.000000
0.000000
0.000000
0.000000
0.000000
0.000000
0.000000
0.000000
0.000000
0.000000
0.000000
0.000000
0.000000
0.000000
0.000000
0.000000
0.000000
0.000000
-5.787486
-5.464688
-5.193598
-4.961631
-4.760110
-4.504313
-4.288310
-4.102651
-3.940758
-3.735883
-3.562036
-3.412022
-3.280792
-3.115051
-2.973892
-2.851757
-2.744717
-2.620633
-2.513521
-2.419912
-2.337283
-2.246328
-2.166962
-2.097152
-2.035369
-1.970943
-1.914680
-1.865446
-1.822367
-1.781017
-1.745646
-1.715667
-1.690589
-1.669522
-1.652719
-1.639730
-1.630052
-1.623321
-1.618500
-1.614869
-1.611626
-1.608084
-1.603377
-1.596849
-1.587990
-1.575260
-1.559227
-1.540021
-1.517977
-1.479829
-1.437917
-1.393878
-1.349005
-1.309157
-1.269840
-1.231361
-1.193919
-1.147551
-1.103227
-1.060998
-1.020858
-0.975575
-0.933098
-0.893279
-0.855950
-0.814165
-0.775379
-0.739271
-0.705540
-0.672394
-0.641293
-0.611999
-0.584303
-0.560520
-0.537750
-0.515855
-0.494677
-0.476225
-0.458047
-0.439961
-0.421756
-0.404810
-0.387361
-0.369197
-0.350117
-0.329641
-0.307984
-0.285274
-0.261972
-0.246481
-0.231625
-0.218044
-0.206531
-0.197972
-0.193203
-0.192787
-0.196769
-0.202751
-0.210562
-0.219431
-0.228559
-0.236775
-0.244175
-0.250496
-0.255621
-0.259673
-0.262511
-0.264258
-0.265049
-0.265050
-0.264457
-0.263350
-0.261799
-0.259674
-0.257152
-0.254283
-0.251107
-0.247167
-0.242909
-0.238365
-0.233559
-0.227691
-0.221533
-0.215117
-0.208473
-0.200394
-0.192094
-0.183627
-0.175053
-0.164697
-0.154383
-0.144220
-0.134313
-0.122840
-0.112043
-0.102048
-0.092955
-0.082647
-0.073995
-0.066970
-0.061477
-0.057572
-0.054759
-0.052885
-0.051797
-0.051391
-0.051334
-0.051562
-0.052015
-0.052607
-0.053319
-0.054119
-0.054980
-0.055874
-0.056789
-0.057709
-0.058623
-0.059539
-0.060434
-0.061303
-0.062143
-0.062982
-0.063788
-0.064560
-0.065301
-0.066050
-0.066768
-0.067456
-0.068118
-0.068803
-0.069463
-0.070100
-0.070717
-0.071371
-0.072005
-0.072620
-0.073218
-0.073861
-0.074482
-0.075081
-0.075659
-0.076277
-0.076863
-0.077417
-0.077935
-0.078475
-0.078966
-0.079405
-0.079791
-0.080166
-0.080470
-0.080703
-0.080865
-0.080969
-0.080974
-0.080883
-0.080699
-0.080461
-0.080154
-0.079779
-0.079340
-0.078836
-0.078268
-0.077639
-0.076948
-0.076220
-0.075435
-0.074596
-0.073704
-0.072761
-0.071767
-0.070725
-0.069636
-0.068477
-0.067274
-0.066029
-0.064745
-0.063379
-0.061976
-0.060541
-0.059076
-0.057522
-0.055942
-0.054340
-0.052719
-0.051007
-0.049282
-0.047547
-0.045807
-0.043979
-0.042152
-0.040328
-0.038510
-0.036617
-0.034737
-0.032874
-0.031031
-0.029126
-0.027247
-0.025399
-0.023582
-0.021717
-0.019892
-0.018110
-0.016373
-0.014595
-0.012872
-0.011205
-0.009595
-0.007949
-0.006371
-0.004865
-0.003432
-0.003031
-0.002635
_
0.000000
0.000000
0.000000
0.000000
0.000000
0.000000
0.000000
0.000000
0.000000
0.000000
0.000000
0.000000
0.000000
0.000000
0.000000
0.000000
0.000000
0.000000
0.000000
0.000000
0.000000
0.000000
0.000000
0.000000
0.000000
0.000000
0.000000
0.000000
0.000000
0.000000
0.000000
0.000000
0.000000
0.000000
0.000000
0.000000
0.000000
0.000000
0.000000
0.000000
0.000000
0.000000
0.000000
0.000000
0.000000
0.000000
0.000000
0.000000
0.000000
0.000000
0.000000
0.000000
0.000000
0.000000
0.000000
0.000000
0.000000
0.000000
0.000000
0.000000
0.000000
0.000000
0.000000
0.000000
0.000000
0.000000
0.000000
0.000000
0.000000
0.000000
0.000000
0.000000
0.000000
0.000000
0.000000
0.000000
0.000000
0.000000
0.000000
0.000000
0.000000
0.000000
0.000000
0.000000
0.000000
0.000000
0.000000
0.000000
0.000000
0.000000
0.000000
0.000000
0.000000
0.000000
0.000000
0.000000
0.000000
0.000000
0.000000
0.000000
0.000000
0.000000
0.000000
0.000000
0.000000
0.000000
0.000000
0.000000
0.000000
0.000000
0.000000
0.000000
0.000000
0.000000
0.000000
0.000000
0.000000
0.000000
0.000000
0.000000
0.000000
0.000000
0.000000
0.000000
0.000000
0.000000
0.000000
0.000000
0.000000
0.000000
0.000000
0.000000
0.000000
0.000000
0.000000
0.000000
0.000000
0.000000
0.000000
0.000000
0.000000
0.000000
0.000000
0.000000
0.000000
0.000000
0.000000
0.000000
0.000000
0.000000
0.000000
0.000000
0.000000
0.000000
0.000000
0.000000
0.000000
0.000000
0.000000
0.000000
0.000000
0.000000
0.000000
0.000000
0.000000
0.000000
0.000000
0.000000
0.000000
0.000000
0.000000
0.000000
0.000000
0.000000
0.000000
0.000000
0.000000
0.000000
0.000000
0.000000
0.000000
0.000000
0.000000
0.000000
0.000000
0.000000
0.000000
0.000000
0.000000
0.000000
0.000000
0.000000
0.000000
0.000000
0.000000
0.000000
0.000000
0.000000
0.000000
0.000000
0.000000
0.000000
0.000000
0.000000
0.000000
0.000000
0.000000
0.000000
0.000000
0.000000
0.000000
0.000000
0.000000
0.000000
0.000000
0.000000
0.000000
0.000000
0.000000
0.000000
0.000000
0.000000
0.000000
0.000000
-3.992992
-3.753185
-3.552156
-3.380423
-3.231458
-3.042686
-2.883552
-2.746961
-2.627979
-2.477527
-2.349890
-2.239690
-2.143158
-2.020891
-1.916217
-1.825003
-1.744326
-1.649539
-1.566133
-1.491520
-1.423808
-1.346483
-1.275684
-1.209823
-1.147674
-1.077487
-1.009849
-0.943692
-0.878122
-0.805247
-0.731215
-0.655209
-0.576509
-0.492400
-0.404301
-0.311899
-0.215154
-0.118231
-0.018232
0.083741
0.186149
0.283171
0.376928
0.465502
0.547157
0.626916
0.695645
0.752970
0.799178
0.850236
0.881156
0.896206
0.899196
0.894223
0.883791
0.869147
0.851221
0.824479
0.794514
0.762101
0.727833
0.685130
0.641188
0.596645
0.552057
0.499105
0.447301
0.396904
0.347863
0.297460
0.247466
0.196938
0.144758
0.095213
0.042358
-0.014769
-0.077107
-0.137893
-0.204089
-0.276138
-0.354334
-0.431238
-0.513183
-0.599699
-0.689876
-0.783587
-0.876868
-0.965614
-1.043620
-1.085563
-1.115197
-1.128381
-1.120593
-1.087479
-1.025777
-0.934560
-0.816358
-0.706210
-0.587575
-0.465812
-0.346004
-0.238564
-0.138825
-0.048004
0.033610
0.109029
0.175833
0.235108
0.287969
0.331639
0.371519
0.408214
0.442234
0.476715
0.508951
0.539277
0.567955
0.598768
0.627913
0.655533
0.681720
0.710348
0.737154
0.762137
0.785267
0.810072
0.832154
0.851419
0.867778
0.883485
0.894807
0.901713
0.904230
0.901560
0.892924
0.878729
0.859483
0.828119
0.790675
0.748544
0.703067
0.658216
0.612398
0.566394
0.520847
0.484638
0.449284
0.414955
0.381778
0.351498
0.322385
0.294474
0.267776
0.242449
0.218302
0.195310
0.173441
0.152294
0.132221
0.113172
0.095093
0.077300
0.060429
0.044417
0.029203
0.013933
-0.000582
-0.014410
-0.027611
-0.041163
-0.054125
-0.066555
-0.078509
-0.091079
-0.103193
-0.114895
-0.126227
-0.138387
-0.150165
-0.161585
-0.172666
-0.184677
-0.196284
-0.207485
-0.218277
-0.229933
-0.241039
-0.251575
-0.261523
-0.272166
-0.281999
-0.291011
-0.299203
-0.308048
-0.315744
-0.322354
-0.327955
-0.332169
-0.335723
-0.338693
-0.341151
-0.343164
-0.344803
-0.346129
-0.347199
-0.348038
-0.348721
-0.349285
-0.349757
-0.350160
-0.350515
-0.350839
-0.351144
-0.351442
-0.351736
-0.352030
-0.352328
-0.352638
-0.352951
-0.353267
-0.353582
-0.353905
-0.354221
-0.354524
-0.354810
-0.355085
-0.355331
-0.355543
-0.355715
-0.355847
-0.355924
-0.355943
-0.355898
-0.355776
-0.355573
-0.355287
-0.354913
-0.354421
-0.353823
-0.353118
-0.352300
-0.351318
-0.350206
-0.348962
-0.347583
-0.345981
-0.344225
-0.342312
-0.340240
-0.337859
-0.335296
-0.332550
-0.329623
-0.328740
-0.327842
_
0.000000
0.000000
0.000000
0.000000
0.000000
0.000000
0.000000
0.000000
0.000000
0.000000
0.000000
0.000000
0.000000
0.000000
0.000000
0.000000
0.000000
0.000000
0.000000
0.000000
0.000000
0.000000
0.000000
0.000000
0.000000
0.000000
0.000000
0.000000
0.000000
0.000000
0.000000
0.000000
0.000000
0.000000
0.000000
0.000000
0.000000
0.000000
0.000000
0.000000
0.000000
0.000000
0.000000
0.000000
0.000000
0.000000
0.000000
0.000000
0.000000
0.000000
0.000000
0.000000
0.000000
0.000000
0.000000
0.000000
0.000000
0.000000
0.000000
0.000000
0.000000
0.000000
0.000000
0.000000
0.000000
0.000000
0.000000
0.000000
0.000000
0.000000
0.000000
0.000000
0.000000
0.000000
0.000000
0.000000
0.000000
0.000000
0.000000
0.000000
0.000000
0.000000
0.000000
0.000000
0.000000
0.000000
0.000000
0.000000
0.000000
0.000000
0.000000
0.000000
0.000000
0.000000
0.000000
0.000000
0.000000
0.000000
0.000000
0.000000
0.000000
0.000000
0.000000
0.000000
0.000000
0.000000
0.000000
0.000000
0.000000
0.000000
0.000000
0.000000
0.000000
0.000000
0.000000
0.000000
0.000000
0.000000
0.000000
0.000000
0.000000
0.000000
0.000000
0.000000
0.000000
0.000000
0.000000
0.000000
0.000000
0.000000
0.000000
0.000000
0.000000
0.000000
0.000000
0.000000
0.000000
0.000000
0.000000
0.000000
0.000000
0.000000
0.000000
0.000000
0.000000
0.000000
0.000000
0.000000
0.000000
0.000000
0.000000
0.000000
0.000000
0.000000
0.000000
0.000000
0.000000
0.000000
0.000000
0.000000
0.000000
0.000000
0.000000
0.000000
0.000000
0.000000
0.000000
0.000000
0.000000
0.000000
0.000000
0.000000
0.000000
0.000000
0.000000
0.000000
0.000000
0.000000
0.000000
0.000000
0.000000
0.000000
0.000000
0.000000
0.000000
0.000000
0.000000
0.000000
0.000000
0.000000
0.000000
0.000000
0.000000
0.000000
0.000000
0.000000
0.000000
0.000000
0.000000
0.000000
0.000000
0.000000
0.000000
0.000000
0.000000
0.000000
0.000000
0.000000
0.000000
0.000000
0.000000
0.000000
0.000000
0.000000
0.000000
0.000000
0.000000
0.000000
0.000000
0.000000
0.000000
0.000000
0.000000
0.000000
-10.490589
-9.839069
-9.292045
-8.824058
-8.417556
-7.901636
-7.466007
-7.091567
-6.765022
-6.351669
-6.000737
-5.697700
-5.432362
-5.096761
-4.810317
-4.561817
-4.343336
-4.088952
-3.868035
-3.673588
-3.500512
-3.307902
-3.137403
-2.984879
-2.847204
-2.699979
-2.567179
-2.446425
-2.335853
-2.223494
-2.120208
-2.024702
-1.935924
-1.850996
-1.771454
-1.696646
-1.626026
-1.561580
-1.500227
-1.441663
-1.385626
-1.333965
-1.284266
-1.236385
-1.190204
-1.141529
-1.094652
-1.049475
-1.005911
-0.942221
-0.881878
-0.824659
-0.770354
-0.724347
-0.680362
-0.638282
-0.597996
-0.548734
-0.502064
-0.457808
-0.415803
-0.368357
-0.323682
-0.281572
-0.241842
-0.197051
-0.155190
-0.116029
-0.079364
-0.043366
-0.009732
0.021702
0.051085
0.075959
0.099359
0.121365
0.142049
0.159453
0.175893
0.191401
0.206004
0.218574
0.230414
0.241526
0.251909
0.261697
0.270712
0.278941
0.286379
0.290924
0.295123
0.298993
0.302564
0.305874
0.308978
0.311941
0.314830
0.317143
0.319480
0.321861
0.324295
0.326640
0.329028
0.331449
0.333892
0.336437
0.338979
0.341504
0.344002
0.346258
0.348476
0.350653
0.352783
0.355045
0.357242
0.359373
0.361433
0.363684
0.365836
0.367888
0.369836
0.371961
0.373940
0.375769
0.377445
0.379221
0.380778
0.382113
0.383226
0.384266
0.384985
0.385384
0.385470
0.385167
0.384436
0.383299
0.381781
0.379302
0.376297
0.372831
0.368965
0.365008
0.360795
0.356367
0.351759
0.347917
0.343991
0.339994
0.335936
0.332045
0.328113
0.324146
0.320148
0.316149
0.312128
0.308085
0.304023
0.299871
0.295703
0.291521
0.287325
0.282959
0.278580
0.274191
0.269792
0.265138
0.260475
0.255806
0.251132
0.246106
0.241079
0.236053
0.231029
0.225548
0.220076
0.214616
0.209173
0.203165
0.197185
0.191237
0.185326
0.178761
0.172252
0.165806
0.159428
0.152330
0.145331
0.138438
0.131659
0.124045
0.116594
0.109314
0.102210
0.093846
0.085759
0.077958
0.070447
0.064004
0.057798
0.051830
0.046100
0.040607
0.035350
0.030326
0.025531
0.021094
0.016863
0.012833
0.008999
0.005361
0.001905
-0.001376
-0.004491
-0.007507
-0.010363
-0.013069
-0.015630
-0.018137
-0.020507
-0.022748
-0.024868
-0.026957
-0.028932
-0.030800
-0.032569
-0.034323
-0.035984
-0.037560
-0.039058
-0.040551
-0.041972
-0.043328
-0.044624
-0.045924
-0.047170
-0.048368
-0.049521
-0.050686
-0.051812
-0.052901
-0.053959
-0.055035
-0.056082
-0.057101
-0.058095
-0.059115
-0.060111
-0.061082
-0.062030
-0.063013
-0.063970
-0.064900
-0.065803
-0.066060
-0.066314
_
0.000000
0.000000
0.000000
0.000000
0.000000
0.000000
0.000000
0.000000
0.000000
0.000000
0.000000
0.000000
0.000000
0.000000
0.000000
0.000000
0.000000
0.000000
0.000000
0.000000
0.000000
0.000000
0.000000
0.000000
0.000000
0.000000
0.000000
0.000000
0.000000
0.000000
0.000000
0.000000
0.000000
0.000000
0.000000
0.000000
0.000000
0.000000
0.000000
0.000000
0.000000
0.000000
0.000000
0.000000
0.000000
0.000000
0.000000
0.000000
0.000000
0.000000
0.000000
0.000000
0.000000
0.000000
0.000000
0.000000
0.000000
0.000000
0.000000
0.000000
0.000000
0.000000
0.000000
0.000000
0.000000
0.000000
0.000000
0.000000
0.000000
0.000000
0.000000
0.000000
0.000000
0.000000
0.000000
0.000000
0.000000
0.000000
0.000000
0.000000
0.000000
0.000000
0.000000
0.000000
0.000000
0.000000
0.000000
0.000000
0.000000
0.000000
0.000000
0.000000
0.000000
0.000000
0.000000
0.000000
0.000000
0.000000
0.000000
0.000000
0.000000
0.000000
0.000000
0.000000
0.000000
0.000000
0.000000
0.000000
0.000000
0.000000
0.000000
0.000000
0.000000
0.000000
0.000000
0.000000
0.000000
0.000000
0.000000
0.000000
0.000000
0.000000
0.000000
0.000000
0.000000
0.000000
0.000000
0.000000
0.000000
0.000000
0.000000
0.000000
0.000000
0.000000
0.000000
0.000000
0.000000
0.000000
0.000000
0.000000
0.000000
0.000000
0.000000
0.000000
0.000000
0.000000
0.000000
0.000000
0.000000
0.000000
0.000000
0.000000
0.000000
0.000000
0.000000
0.000000
0.000000
0.000000
0.000000
0.000000
0.000000
0.000000
0.000000
0.000000
0.000000
0.000000
0.000000
0.000000
0.000000
0.000000
0.000000
0.000000
0.000000
0.000000
0.000000
0.000000
0.000000
0.000000
0.000000
0.000000
0.000000
0.000000
0.000000
0.000000
0.000000
0.000000
0.000000
0.000000
0.000000
0.000000
0.000000
0.000000
0.000000
0.000000
0.000000
0.000000
0.000000
0.000000
0.000000
0.000000
0.000000
0.000000
0.000000
0.000000
0.000000
0.000000
0.000000
0.000000
0.000000
0.000000
0.000000
0.000000
0.000000
0.000000
0.000000
0.000000
0.000000
0.000000
0.000000
0.000000
0.000000
0.000000
0.000000
0.000000
-4.941752
-4.719120
-4.534059
-4.377374
-4.242733
-4.074190
-3.934330
-3.816287
-3.715292
-3.590565
-3.487961
-3.402294
-3.329935
-3.242652
-3.172648
-3.115960
-3.069792
-3.021167
-2.984235
-2.956538
-2.936282
-2.919359
-2.910036
-2.906802
-2.908474
-2.915497
-2.926722
-2.940979
-2.957181
-2.976112
-2.994636
-3.011150
-3.023875
-3.030894
-3.029414
-3.016766
-2.990108
-2.948539
-2.888958
-2.809500
-2.709141
-2.593125
-2.459224
-2.309937
-2.148778
-1.963907
-1.775590
-1.589136
-1.408950
-1.152511
-0.924517
-0.726495
-0.556919
-0.427595
-0.316018
-0.219883
-0.137110
-0.047556
0.026050
0.086189
0.134820
0.180019
0.213227
0.236317
0.250980
0.259700
0.261222
0.258068
0.252576
0.246581
0.242403
0.241778
0.246088
0.255081
0.269456
0.289475
0.315117
0.342475
0.373481
0.407256
0.442501
0.474451
0.504218
0.529314
0.546485
0.551447
0.538134
0.499260
0.425918
0.352424
0.255864
0.133753
-0.015090
-0.189521
-0.384828
-0.592075
-0.798336
-0.952931
-1.089844
-1.203587
-1.291315
-1.350137
-1.387720
-1.407174
-1.412153
-1.405911
-1.391633
-1.372325
-1.350322
-1.329283
-1.308364
-1.288215
-1.269259
-1.250273
-1.233172
-1.218003
-1.204738
-1.191875
-1.181197
-1.172510
-1.165613
-1.159590
-1.155397
-1.152748
-1.151373
-1.151054
-1.151795
-1.153262
-1.155154
-1.157613
-1.159892
-1.161646
-1.162587
-1.162322
-1.160264
-1.156253
-1.150241
-1.139622
-1.126088
-1.110115
-1.092274
-1.074280
-1.055646
-1.036809
-1.018142
-1.003355
-0.989000
-0.975166
-0.961914
-0.949930
-0.938504
-0.927630
-0.917283
-0.907491
-0.898141
-0.889183
-0.880561
-0.872072
-0.863806
-0.855702
-0.847697
-0.839433
-0.831149
-0.822785
-0.814291
-0.805125
-0.795710
-0.786005
-0.775975
-0.764806
-0.753203
-0.741147
-0.728628
-0.714420
-0.699654
-0.684337
-0.668483
-0.650316
-0.631543
-0.612199
-0.592324
-0.569510
-0.546148
-0.522307
-0.498055
-0.470329
-0.442279
-0.414011
-0.385633
-0.353157
-0.320831
-0.288805
-0.257219
-0.219718
-0.183262
-0.148027
-0.114153
-0.085200
-0.057462
-0.030971
-0.005737
0.018245
0.040994
0.062538
0.082917
0.101619
0.119313
0.136045
0.151866
0.166792
0.180907
0.194257
0.206886
0.219088
0.230625
0.241535
0.251856
0.261949
0.271483
0.280490
0.289000
0.297368
0.305252
0.312677
0.319666
0.326535
0.332969
0.338988
0.344608
0.350087
0.355161
0.359844
0.364149
0.368265
0.371990
0.375335
0.378307
0.381031
0.383365
0.385319
0.386898
0.388159
0.389024
0.389501
0.389594
0.389287
0.388569
0.387449
0.385934
0.383894
0.381425
0.378534
0.375232
0.374199
0.373132
_
0.000000
0.000000
0.000000
0.000000
0.000000
0.000000
0.000000
0.000000
0.000000
0.000000
0.000000
0.000000
0.000000
0.000000
0.000000
0.000000
0.000000
0.000000
0.000000
0.000000
0.000000
0.000000
0.000000
0.000000
0.000000
0.000000
0.000000
0.000000
0.000000
0.000000
0.000000
0.000000
0.000000
0.000000
0.000000
0.000000
0.000000
0.000000
0.000000
0.000000
0.000000
0.000000
0.000000
0.000000
0.000000
0.000000
0.000000
0.000000
0.000000
0.000000
0.000000
0.000000
0.000000
0.000000
0.000000
0.000000
0.000000
0.000000
0.000000
0.000000
0.000000
0.000000
0.000000
0.000000
0.000000
0.000000
0.000000
0.000000
0.000000
0.000000
0.000000
0.000000
0.000000
0.000000
0.000000
0.000000
0.000000
0.000000
0.000000
0.000000
0.000000
0.000000
0.000000
0.000000
0.000000
0.000000
0.000000
0.000000
0.000000
0.000000
0.000000
0.000000
0.000000
0.000000
0.000000
0.000000
0.000000
0.000000
0.000000
0.000000
0.000000
0.000000
0.000000
0.000000
0.000000
0.000000
0.000000
0.000000
0.000000
0.000000
0.000000
0.000000
0.000000
0.000000
0.000000
0.000000
0.000000
0.000000
0.000000
0.000000
0.000000
0.000000
0.000000
0.000000
0.000000
0.000000
0.000000
0.000000
0.000000
0.000000
0.000000
0.000000
0.000000
0.000000
0.000000
0.000000
0.000000
0.000000
0.000000
0.000000
0.000000
0.000000
0.000000
0.000000
0.000000
0.000000
0.000000
0.000000
0.000000
0.000000
0.000000
0.000000
0.000000
0.000000
0.000000
0.000000
0.000000
0.000000
0.000000
0.000000
0.000000
0.000000
0.000000
0.000000
0.000000
0.000000
0.000000
0.000000
0.000000
0.000000
0.000000
0.000000
0.000000
0.000000
0.000000
0.000000
0.000000
0.000000
0.000000
0.000000
0.000000
0.000000
0.000000
0.000000
0.000000
0.000000
0.000000
0.000000
0.000000
0.000000
0.000000
0.000000
0.000000
0.000000
0.000000
0.000000
0.000000
0.000000
0.000000
0.000000
0.000000
0.000000
0.000000
0.000000
0.000000
0.000000
0.000000
0.000000
0.000000
0.000000
0.000000
0.000000
0.000000
0.000000
0.000000
0.000000
0.000000
0.000000
0.000000
0.000000
0.000000
0.000000
0.000000
0.000000
-4.691241
-4.361133
-4.083820
-3.846427
-3.640078
-3.377932
-3.156290
-2.965496
-2.798834
-2.587395
-2.407349
-2.251358
-2.114275
-1.940035
-1.790340
-1.659528
-1.543595
-1.407222
-1.287237
-1.180094
-1.083201
-0.973229
-0.873489
-0.781838
-0.696636
-0.602249
-0.513448
-0.428894
-0.347499
-0.259951
-0.174152
-0.089243
-0.004516
0.082741
0.170846
0.260036
0.350300
0.437908
0.525671
0.612721
0.697916
0.776779
0.851463
0.920828
0.983970
1.045246
1.098245
1.143328
1.181280
1.227967
1.264543
1.294804
1.321837
1.345047
1.368713
1.393688
1.420582
1.458596
1.501059
1.548322
1.600556
1.669535
1.745550
1.828333
1.917523
2.032483
2.155376
2.285580
2.422603
2.573397
2.731083
2.895522
3.066617
3.226682
3.391942
3.562179
3.737079
3.896847
4.059601
4.224856
4.392010
4.545778
4.699747
4.852874
5.003653
5.152032
5.292066
5.417990
5.520742
5.569994
5.596902
5.594092
5.552679
5.462760
5.314640
5.101202
4.820687
4.550957
4.249273
3.925985
3.593003
3.280838
2.978986
2.693906
2.429837
2.180177
1.956017
1.756594
1.580305
1.437413
1.310492
1.197857
1.097904
1.001780
0.917230
0.842742
0.776997
0.711501
0.654401
0.604503
0.560802
0.516805
0.478938
0.446317
0.418214
0.390103
0.366645
0.347194
0.331214
0.315986
0.304485
0.296158
0.290524
0.286705
0.285512
0.286337
0.288634
0.293003
0.298144
0.303339
0.308044
0.311686
0.314320
0.315803
0.316064
0.315371
0.313869
0.311578
0.308527
0.304969
0.300794
0.296035
0.290733
0.284966
0.278739
0.272090
0.265058
0.257550
0.249727
0.241626
0.233288
0.224428
0.215394
0.206223
0.196954
0.187098
0.177209
0.167322
0.157470
0.146959
0.136554
0.126284
0.116173
0.105337
0.094738
0.084395
0.074322
0.063494
0.053022
0.042914
0.033176
0.022721
0.012733
0.003211
-0.005847
-0.015501
-0.024576
-0.033078
-0.041015
-0.049414
-0.057097
-0.064083
-0.070389
-0.077154
-0.083003
-0.087989
-0.092174
-0.095282
-0.097855
-0.099943
-0.101597
-0.102866
-0.103798
-0.104440
-0.104833
-0.105014
-0.105031
-0.104914
-0.104690
-0.104382
-0.104010
-0.103594
-0.103146
-0.102671
-0.102190
-0.101712
-0.101245
-0.100781
-0.100341
-0.099931
-0.099552
-0.099194
-0.098875
-0.098596
-0.098358
-0.098151
-0.097987
-0.097865
-0.097783
-0.097738
-0.097733
-0.097766
-0.097834
-0.097938
-0.098075
-0.098241
-0.098433
-0.098657
-0.098901
-0.099162
-0.099437
-0.099734
-0.100037
-0.100342
-0.100645
-0.100957
-0.101257
-0.101542
-0.101808
-0.102063
-0.102288
-0.102476
-0.102625
-0.102660
-0.102691
_
0.000000
0.000000
0.000000
0.000000
0.000000
0.000000
0.000000
0.000000
0.000000
0.000000
0.000000
0.000000
0.000000
0.000000
0.000000
0.000000
0.000000
0.000000
0.000000
0.000000
0.000000
0.000000
0.000000
0.000000
0.000000
0.000000
0.000000
0.000000
0.000000
0.000000
0.000000
0.000000
0.000000
0.000000
0.000000
0.000000
0.000000
0.000000
0.000000
0.000000
0.000000
0.000000
0.000000
0.000000
0.000000
0.000000
0.000000
0.000000
0.000000
0.000000
0.000000
0.000000
0.000000
0.000000
0.000000
0.000000
0.000000
0.000000
0.000000
0.000000
0.000000
0.000000
0.000000
0.000000
0.000000
0.000000
0.000000
0.000000
0.000000
0.000000
0.000000
0.000000
0.000000
0.000000
0.000000
0.000000
0.000000
0.000000
0.000000
0.000000
0.000000
0.000000
0.000000
0.000000
0.000000
0.000000
0.000000
0.000000
0.000000
0.000000
0.000000
0.000000
0.000000
0.000000
0.000000
0.000000
0.000000
0.000000
0.000000
0.000000
0.000000
0.000000
0.000000
0.000000
0.000000
0.000000
0.000000
0.000000
0.000000
0.000000
0.000000
0.000000
0.000000
0.000000
0.000000
0.000000
0.000000
0.000000
0.000000
0.000000
0.000000
0.000000
0.000000
0.000000
0.000000
0.000000
0.000000
0.000000
0.000000
0.000000
0.000000
0.000000
0.000000
0.000000
0.000000
0.000000
0.000000
0.000000
0.000000
0.000000
0.000000
0.000000
0.000000
0.000000
0.000000
0.000000
0.000000
0.000000
0.000000
0.000000
0.000000
0.000000
0.000000
0.000000
0.000000
0.000000
0.000000
0.000000
0.000000
0.000000
0.000000
0.000000
0.000000
0.000000
0.000000
0.000000
0.000000
0.000000
0.000000
0.000000
0.000000
0.000000
0.000000
0.000000
0.000000
0.000000
0.000000
0.000000
0.000000
0.000000
0.000000
0.000000
0.000000
0.000000
0.000000
0.000000
0.000000
0.000000
0.000000
0.000000
0.000000
0.000000
0.000000
0.000000
0.000000
0.000000
0.000000
0.000000
0.000000
0.000000
0.000000
0.000000
0.000000
0.000000
0.000000
0.000000
0.000000
0.000000
0.000000
0.000000
0.000000
0.000000
0.000000
0.000000
0.000000
0.000000
0.000000
0.000000
0.000000
0.000000
0.000000
0.000000
0.000000
0.000000
0.000000
0.000000
0.000000
0.000000
0.000000
0.000000
0.000000
0.000000
0.000000
0.000000
0.000000
0.000000
0.000000
0.000000
0.000000
0.000000
0.000000
0.000000
0.000000
0.000000
0.000000
0.000000
0.000000
0.000000
0.000000
0.000000
0.000000
0.000000
0.000000
0.000000
0.000000
0.000000
0.000000
0.000000
0.000000
0.000000
0.000000
0.000000
0.000000
0.000000
0.000000
0.000000
0.000000
0.000000
0.000000
0.000000
0.000000
0.000000
0.000000
0.000000
0.000000
0.000000
0.000000
0.000000
0.000000
0.000000
0.000000
0.000000
0.000000
0.000000
0.000000
0.000000
0.000000
0.000000
0.000000
0.000000
0.000000
0.000000
0.000000
0.000000
0.000000
0.000000
0.000000
0.000000
0.000000
0.000000
0.000000
0.000000
0.000000
0.000000
0.000000
0.000000
0.000000
0.000000
0.000000
0.000000
0.000000
0.000000
0.000000
0.000000
0.000000
0.000000
0.000000
0.000000
0.000000
0.000000
0.000000
0.000000
0.000000
0.000000
0.000000
0.000000
0.000000
0.000000
0.000000
0.000000
0.000000
0.000000
0.000000
0.000000
0.000000
0.000000
0.000000
0.000000
0.000000
0.000000
0.000000
0.000000
0.000000
0.000000
0.000000
0.000000
0.000000
0.000000
0.000000
0.000000
0.000000
0.000000
0.000000
0.000000
0.000000
0.000000
0.000000
0.000000
0.000000
0.000000
0.000000
0.000000
0.000000
0.000000
0.000000
0.000000
0.000000
0.000000
0.000000
0.000000
0.000000
0.000000
0.000000
0.000000
0.000000
0.000000
0.000000
0.000000
0.000000
0.000000
0.000000
0.000000
0.000000
0.000000
0.000000
0.000000
0.000000
0.000000
0.000000
0.000000
0.000000
0.000000
0.000000
0.000000
0.000000
0.000000
0.000000
0.000000
0.000000
0.000000
0.000000
0.000000
0.000000
0.000000
0.000000
0.000000
0.000000
0.000000
0.000000
0.000000
0.000000
0.000000
0.000000
0.000000
0.000000
0.000000
0.000000
0.000000
0.000000
0.000000
0.000000
0.000000
0.000000
0.000000
0.000000
0.000000
0.000000
0.000000
0.000000
0.000000
0.000000
0.000000
0.000000
0.000000
0.000000
0.000000
0.000000
0.000000
0.000000
0.000000
0.000000
0.000000
0.000000
0.000000
0.000000
0.000000
0.000000
0.000000
0.000000
0.000000
0.000000
0.000000
0.000000
0.000000
0.000000
0.000000
0.000000
0.000000
0.000000
0.000000
0.000000
0.000000
0.000000
0.000000
0.000000
0.000000
0.000000
0.000000
0.000000
0.000000
0.000000
0.000000
0.000000
0.000000
0.000000
0.000000
0.000000
0.000000
0.000000
